t = 20000000
b = 100 100 100
E = -0.658264410925922 -0.833507514952311 0.175243104026389
52.2706859099226 54.4120274756405 152.483647251116 0.0284358371957334 -0.189046594270987 0.981556309315045 0.792073523571131 -0.594739692573599 -0.137492659199936 0.0324066364202157 -0.160957057181204 -0.0935552806969142 -0.0026064032851007 0.0739144278059777 -0.155279331167876
51.9714113528441 54.8243809702814 151.487133142994 0.619155764795059 0.449900289924999 -0.643611581659512 -0.768965075759602 0.18122287682124 -0.613066865177407 -0.489914896587544 -0.268971917956552 0.23609137540154 0.0296509321547501 -0.532386092720273 0.291986479300342
50.8036823549058 54.2568888035275 151.651954271915 -0.53251271828411 -0.651745083747912 -0.540054210867233 0.730018478285216 -0.676558001559708 0.096655532106291 0.37330307394561 -0.398749765599801 0.305722988432948 -0.585955254740991 0.464184830704724 -0.444857648355249
50.9329628795749 53.8240021043456 151.877995295819 -0.134256200800592 -0.120538103594901 -0.983588246232919 0.725451936901638 -0.688115972862613 -0.0146933704676871 0.283037855120496 -0.129736723008899 0.0632111089785243 -0.209007614399855 0.750413634193888 -0.411241618546872
51.1206420175402 53.4578924397014 151.688947163593 0.49143375803688 0.511480819641005 -0.704897320608244 0.743024560090294 -0.668451066591732 0.0329799131998266 -0.396059608817537 0.218339204804409 0.269002064528186 0.498415590221653 0.331458008104413 -0.299396167478901
51.315462990224 53.0336229860734 151.394073896752 0.726572566666118 0.686127755177456 0.0363456867324252 0.679246480386778 -0.725242860566291 0.11245893508541 0.108578462199336 0.33979830536008 0.297175335366404 0.321384838916112 -0.118325610461724 0.268503133727455
51.8229386510471 52.8225082281522 151.259011126135 0.409759800073454 0.594347758472186 0.69198818504571 0.583033863639688 -0.754063984471921 0.302421925745228 0.477352450330521 -0.128919362848821 -0.0380890076012698 0.292773156297669 -0.0813399847674093 -0.0337282388764282
52.2217787406236 52.6332260548608 151.235134992066 -0.292140224464065 0.0346760059606971 0.955746652549476 0.468230394666422 -0.86619441890812 0.174549494875912 -0.0745245298863568 0.116017990278305 0.0358280066118518 -0.267074477225754 0.601648031936984 -0.212668169277379
52.5550438962978 52.3913377574718 151.523055345593 -0.779527206155918 -0.0782513209487959 0.621461234215071 0.330236694012329 -0.894412982479016 0.301610912767108 0.12661897961876 0.241498509481062 -0.0868979446968537 -0.0314312022331598 -0.271428503850004 -0.123393957108269
52.4164971573716 51.5867278436665 151.40720870302 -0.119539919563437 -0.678877758743127 0.724455103034795 0.812319189304834 0.352658531992652 0.464509950914537 0.271248734957384 0.31676418806835 0.318691973621411 0.660479819886384 -0.182920011131554 0.0954858815624995
51.972007095218 51.9737507573235 150.016915246583 -0.551451345940195 -0.0817031075743241 -0.83019637151291 0.819500844771859 0.132985239442743 -0.557434562534903 0.373598055847345 -0.00509441411001721 0.547597020612682 0.120827131532264 -0.341852018096306 0.0875193445262058
52.3347117797154 51.7105828153205 149.729439762476 -0.474819775051317 0.702621020629602 -0.529971586588101 0.808390613127429 0.110134620606955 -0.578251659705342 0.309090916626404 -0.259522253863469 0.221268239190815 0.379015541626917 0.233820871487193 0.459042388070793
52.5866951479301 51.6474487146236 149.291986348176 -0.184652977104216 0.980074690584221 0.0731907024308231 0.840424649819058 0.196070758878635 -0.505215464420033 0.1873091987288 0.439067758018588 0.254582325709969 -0.126080452946341 0.18941331094074 -0.143687946294184
52.8768513484574 51.818484721179 148.908896451606 -0.0285799384162041 0.73595949689553 0.676422062066045 0.899478179874128 0.314116242894949 -0.303759756848302 -0.551736977382074 0.11406783640953 -0.576397417995092 0.0435354229375449 -0.420141226110714 0.132414649848384
53.2002149005717 52.1007104795709 148.619490287014 0.24740737868411 -0.14254083910286 0.958369291119163 0.968720905726044 0.016769502565179 -0.247585521775339 -0.586482414923972 -0.447997886291415 0.0389529885851846 -0.282678384968433 0.624295562616345 -1.21759408358038
53.6612843689063 52.3142596925205 148.697448006692 0.0855776642247133 -0.887088132347447 0.453597959468074 0.876732979714044 -0.149225014394898 -0.457243017836715 0.1049019474971 -0.133094085392599 0.161766924755578 -0.20572703058669 -0.0499072030131434 0.0345711531969956
54.1608097739506 52.2715865720863 148.633690545027 -0.396927158401218 -0.906891159275486 0.141411654934785 0.783008055952171 -0.414958777212702 -0.4633655118027 0.105762065449378 0.411145512717524 -0.117834700358954 0.0839507071797497 0.129857148802495 0.522756877990631
54.5911785678097 51.828916872118 148.60052919501 -0.397884732826695 -0.405286506107703 -0.823061715395033 0.916961628763817 -0.146850595586256 -0.370966674985377 0.0182188649052913 0.0637139892742941 0.0792052156341274 -0.258433839409382 0.0961547737678083 0.0960197412531461
54.7080294569012 51.4647914708407 149.144261799179 0.869841281549748 0.409870165174281 0.274558905539734 0.462117833418274 -0.871777606830563 -0.162637364295105 0.3407607571265 0.0445956171393148 0.637174051504089 -0.183777654696571 0.349113024047369 -0.22604374537189
55.0353644249542 51.2520285076295 148.843916989047 0.409411755163923 0.077917292594869 0.909016452132019 0.317625626696171 -0.946190230479743 -0.0619516667050693 0.29892772499317 -0.0295024611707996 -0.398474427779774 -0.24832745304444 -0.279023093446407 -0.347913031093825
55.4038938825574 50.9670535860928 148.840561230164 -0.410135298717326 -0.0557174042679095 0.910321156299774 0.204792828357694 -0.978269249957314 0.0323909252759756 0.162474611101592 -0.456722745606008 0.087495910093227 0.0977613755634938 0.00475559375376375 -0.19849621778957
55.8668160477235 50.9317530220542 147.535844508611 -0.296990518684208 -0.694554490331732 -0.655279094561957 0.951379803844989 -0.15652370633315 -0.265286257069915 0.615972652609026 -0.129242725257176 -0.153635765070895 0.245963390240948 -0.390994401551153 -0.16728645418987
56.3118463982963 50.6508796847783 147.495866344417 -0.485397229903576 0.00634853032785822 -0.87427068197657 0.850585181091531 -0.227864220684164 -0.473901621266329 -0.102064685468703 0.155247003424252 -0.309151610183546 -0.805660436396712 -0.433583847571548 0.00469778328409634
56.6764395988869 50.3974484647362 147.147702823096 -0.366076451960041 0.655379778181827 -0.660655263862726 0.84963369950565 -0.0542200965362035 -0.524578647864353 0.0617766999795417 0.155992798677717 0.381928854578898 -0.00946427250957724 0.736295213939837 0.297277620383384
56.7669481091187 50.1437746750672 146.712825371095 0.261162123598072 0.960761719826097 -0.0934412270572994 0.883162668005633 -0.276892287699147 -0.378621661891791 -0.173237241377039 -0.127176723390867 0.00667916535396729 0.000403432085374048 0.341883511059995 -0.111221164702481
57.0094512770039 50.2154407272319 146.275638010443 0.612796944846023 0.431543718613319 0.662004473786113 0.789504556721423 -0.298188111992041 -0.536438630956949 -0.21057006871524 -0.763921367816137 -0.0202286063137373 0.0185963947143565 0.425756264251628 0.167508488730789
57.4795692040253 50.3244583373293 145.998400889755 0.32019517655969 -0.31901526761808 0.892022593847434 0.809025308426554 -0.397828040858083 -0.432678749457165 0.172594402818256 0.0514694015039783 0.132664138600643 0.197353277486497 0.384035299617963 0.259037878077768
57.9556097534341 50.3343003111307 146.064869643767 -0.152478844509318 -0.988193954183823 0.0149302006667271 0.933220944950309 -0.148936695710156 -0.326980929989963 0.0106945515855893 -0.25658956435521 -0.195048393146904 -0.212856670472108 -0.319204344848641 -0.247909160939769
58.5018763958592 50.208278428992 146.074088693056 -0.532509897601558 -0.764597512746614 -0.363075546485921 0.780342627737293 -0.27731752342179 -0.560500111095226 0.464286029029464 0.358654213302793 0.290363296812904 -0.567158514426887 0.106342548467109 0.115122329627787
58.7709400811214 50.0442044164895 145.690266711611 -0.721424532167251 -0.682643590139399 -0.116380295699979 0.47586133825516 -0.366596432858234 -0.799476730223553 -0.304825675514658 0.311773679576923 0.0927941359075721 -0.375469167654751 0.0536612469656612 0.531834175371575
59.0634529646947 49.5922626187728 145.450348812492 -0.755035549080614 0.0252876809296947 -0.655196041515394 0.579915078663227 -0.440546404844403 -0.68528633921707 0.0403168876840687 0.161206285925158 0.217648382267492 -0.208716877454492 -0.100558786446981 0.266516180360802
58.9889865883384 49.1378867515151 145.16411162653 -0.224349374941078 0.651580751766837 -0.724644659049869 0.298616111330836 -0.661862554106761 -0.68758008807984 -0.24811412191546 0.260137204969336 0.168877117193556 -0.481520182402858 0.248443962588392 0.263351880782808
58.9912787548361 48.9343063393006 144.71609262974 0.319627285822075 0.906188483820759 -0.276876922022359 0.193873779021276 -0.348566862453607 -0.917013685943081 0.355186169527907 0.0051312063949089 0.28032222783082 0.280776536666165 0.593018099437904 -0.297291187200017
58.8855435463362 49.0872598212217 144.232689336785 0.994910007449177 0.0854864635294367 0.0533492420566045 0.0776083525483228 -0.312364922452122 -0.946786722992089 -0.517514399808462 0.289651721486037 0.264367447911295 -0.371526109888674 -0.559212970276662 0.122464252824716
59.0147248047826 49.2508300785407 143.844975908206 0.340397622668279 -0.899712551276495 0.273215635639328 -0.0222264150738431 -0.298185868853415 -0.954249010525481 -0.0458623130576885 -0.106527876160895 0.0291613655955535 0.0469461065772466 0.320877635369612 0.516143452917838
59.3382232980669 49.1593149019011 143.394436713319 -0.438540624416642 -0.851928522615672 0.286181608579781 0.0550230008761835 -0.343289830456015 -0.937616425666756 -0.327599490748609 -0.034522451204559 0.0342633798091732 0.101690908956976 0.124005371737359 -0.0986509031534336
59.4818941562534 48.7458862999849 143.102213284863 -0.995677023341691 -0.0897536208462077 0.0239071691056217 0.0162179966892296 -0.421430284510968 -0.906715772378976 0.199040136464336 0.573992902940428 -0.368805137622305 -0.287176919442841 -0.0619429930986232 -0.0433673876687974
59.3801204984204 48.3790843535841 142.755309408175 -0.871085097030841 0.463347767869983 -0.162848394961664 -0.0294554529286872 -0.380268191870817 -0.924407095680099 -0.271974919095819 -0.261666683443297 -0.0883693879791344 -0.0409093041168693 -0.349111752883426 0.248069405274574
59.123049597836 48.0333977109376 142.545240269587 -0.0441487114028426 0.790467507217244 -0.610910804712027 -0.105026260532621 -0.611790825230148 -0.784016243939956 0.86632485785614 0.22884127197214 -0.180426875194255 0.507023759694983 -0.494287027551715 0.0740357178833608
58.8020802644257 47.8805646833192 142.20739358602 0.809297656863723 0.286223100749988 -0.512946039257926 -0.077203147501626 -0.813844727958137 -0.575930927097878 0.0214244540016293 0.85927019048829 0.420619937103627 -0.580319126346594 -0.160951171623232 -0.580855727009273
58.881647828931 47.5579049763757 141.738088634706 0.96679526773761 0.255493656741988 0.0054682396552575 0.175230578023426 -0.647198692468692 -0.741908415500715 -0.482005791911461 -0.124208996202988 -0.148880584950927 -0.147610871689524 0.626247917881807 -0.229025572899406
59.0828407609546 47.4891169994926 141.35209488094 0.640021712858001 -0.57027364629073 0.514937059665074 0.113815779112331 -0.592421561069957 -0.797547906024799 0.020307292172487 0.356205585349629 -0.699429153272449 -0.165609142368112 0.327541705098961 0.0585979064193498
59.4646837866485 47.3192272849238 140.985375579967 -0.138706849916267 -0.826089240681619 0.546202321685455 0.192874813524938 -0.563506609702101 -0.803280528289108 -0.214201822735294 0.433166445265457 -0.0188423944843252 -0.258236224277051 -0.204884735125176 -0.904162806750543
60.1347024338978 47.5619014687149 141.019879784408 0.250356554889094 -0.925497452981866 -0.284211294545455 0.711303051668899 -0.0233157502384025 0.702498643754441 0.215371499697163 0.291841216622136 -0.100525454175789 -0.0432966833749534 0.0591914814229941 0.0298494476880343
60.1709586534352 47.4481779755613 141.449186949337 0.820406536109419 -0.262619794941391 -0.507901524720372 0.508091843389345 -0.0725743463620499 0.858239851632833 -0.0517930488479332 0.0544975595621243 -0.534469690875842 0.00408258468029588 0.152070056076595 -0.130825497343516
60.556396983419 47.2369555841776 141.809403946939 0.568290523928148 0.631393084671105 -0.527625485587824 0.587260259555547 0.137916272131089 0.797561589739245 0.628808356988557 -0.305788060462995 0.0248529380903104 -0.140442057743568 0.484511117985643 -0.24318487725407
61.1882896079804 46.7632221408935 141.393111349351 0.830819824745119 -0.100216839568224 -0.547444064610166 -0.55578179412482 -0.09802413377992 -0.825528840510945 0.117448738761899 -0.10175880623427 -0.31875556683783 0.333513847419374 0.086551838171341 -0.514502242521745
61.2879427089613 46.1017315181129 142.007163884155 -0.451903340132874 -0.70401220718859 0.547859638326427 -0.135676207619895 -0.552759725720752 -0.822221778054876 -0.199980516065546 0.150334991874532 0.208003649575181 0.125113506694321 0.409765143657356 0.0209061881584525
61.3229324402351 45.6592871521404 141.744375288446 -0.869919802909827 -0.238675441458107 0.431594219318143 -0.13885857102963 -0.721171593702583 -0.67869715609158 0.315158423631094 0.177582826197028 -0.338360719693918 0.0112212988085294 -0.595905785581811 -0.00412266693279652
61.2596793012411 45.2177852274933 141.560115304591 -0.937742423350303 0.347151538142886 0.011178417331602 -0.264141710945618 -0.691874709997284 -0.671966176384605 0.156775235407226 -0.155345638220037 0.210316571850291 0.534980035398173 -0.229821423386582 -0.19194089114192
60.9125754257661 44.8116181927608 141.553504584861 -0.24851642240271 0.642964568386044 -0.724455762345924 -0.354872563607976 -0.756354107576878 -0.54953974155628 0.440689065305717 -0.383801294483996 0.650658378579363 0.18955254788892 -0.389593592831743 0.186070349859315
60.6014122377638 44.5706382433161 141.270538272504 0.536739534578654 0.472112035290883 -0.699300291829965 -0.104815620940082 -0.785073734314409 -0.61046942371921 -0.0206716791528371 0.0125109707757053 -0.469881653712852 -0.267521429074547 0.354842541840527 -0.146903205500291
60.3739196496869 44.3957459959863 140.799029130834 0.933823832458524 0.18331961735043 -0.307192069928976 -0.103195357888636 -0.684169904131871 -0.721984944711577 -0.449264440941455 -0.0932682832432183 -0.0893211807460035 0.20774739448492 0.0747470390420392 -0.141158327699882
60.4641632678366 44.1592604446718 140.355499785868 0.916473878573633 0.398878511750198 0.0311699014316331 0.274005491448167 -0.568972268018749 -0.775365429253013 -0.0687136428517159 0.250833938146284 -0.928732771237969 0.223150115950494 0.170268690872108 -0.74664135237649
60.6152577941999 44.0953717396939 139.919450995029 0.701848636983595 -0.38248786181925 0.600925558055668 0.187116159046521 -0.714989047340994 -0.673630614807009 0.319710438870292 -0.0621226501179855 0.000570713698622641 0.625596718896274 -0.0014564847904148 -0.0855193938348582
60.941404516916 43.9279305456144 139.608891837426 -0.102034302542387 -0.71762064504634 0.688919161372553 0.296004839182052 -0.683066500151617 -0.667683526492754 -0.212222047042764 0.132516872078664 0.0541156327820858 -0.549536381483959 0.387713943131734 0.155968828163305
60.5375411190707 43.65358979967 138.937030507033 -0.484357190506586 0.199221543206624 -0.851885490384193 0.749485634511835 -0.407804245465695 -0.521504535973247 -0.0597060511729099 0.167984460130416 0.691014534512673 -0.4876456123055 -0.594346347516476 0.150399867183813
60.6312416760127 43.2598561435434 138.639954688455 0.371695983797545 0.705426959855167 -0.60350219547116 0.699435102011071 -0.640250304077324 -0.31760051354471 -0.000885968169026083 -0.234233577941665 0.216137593196996 0.25363953987864 -0.0588893754004451 -0.284254362735155
60.850972426954 42.9267344698578 138.235821114164 0.591183653089108 0.791546707505758 0.15477628421552 0.793976490792857 -0.537424724436089 -0.284211184916893 -0.245282214043224 0.0137347126379955 -0.112096045383726 0.183061270687649 0.0914312359213438 -0.204257943777401
60.3273674940013 42.0935118838312 137.879643604785 0.556886252553669 -0.260479666187891 0.78868754600176 0.466234128408561 0.883875223879706 -0.0372870770726135 0.0383861756237705 0.034226377945049 -0.338876410918679 -0.318156486436556 -0.199329042043455 -0.485006660485812
60.011641249271 41.9928053156259 136.995377774344 -0.945594868796847 0.319190207272447 0.0629917112647882 0.0516017131698582 0.338302032847976 -0.939621731214129 0.372830461898214 0.562758751814678 -0.119879461404536 0.0143386414468002 -0.490875095642907 0.0437296553699133
59.7712511468296 41.9781050848905 136.50374169775 -0.458980065781761 0.75524606819263 0.467910969838294 -0.363390489642556 0.321007469728634 -0.874586505965036 0.208897500730945 0.0529517840845152 0.131681083215639 -0.339829129673809 -0.342378965187286 -0.275585054430155
59.2965165655558 42.0562645693119 136.258992995754 0.360867909083942 0.920575156671279 0.149384514298587 -0.31913729146547 0.272400574415509 -0.907716539594762 -0.596767403664237 0.138253872068593 -0.0483250787849414 0.241851013378435 0.452530786698131 0.288818804642404
59.257665107426 42.5747235693279 136.452037811328 0.637513407782906 0.666183264401698 -0.387009706761988 -0.547919896620694 0.745172721579342 0.380133400138784 0.107804207881798 0.101283676583415 -0.157172390838403 0.313473874972052 -0.114026619821464 0.0782612299555137
59.1544371453751 42.967321361282 136.723476097338 -0.106226656221376 0.430627037582477 -0.896256800258918 -0.495667738239137 0.758450338380765 0.423162589885618 0.221165604679415 -0.230437420899671 0.212728457838458 -0.262070830689848 0.608621782900882 0.328789536790397
59.0741120826433 43.4172892728186 136.840324041171 -0.577619987669272 -0.235040769845177 -0.781735880175973 -0.671596619265471 0.681196338089711 0.291426714566384 0.437400344592341 0.335823444223319 0.197932119856918 -0.363026584863244 -0.297861436706049 0.102775014010373
59.770018644566 44.2331202366291 136.770742719134 -0.086432746187116 0.660623033094948 -0.745725545043416 -0.139373198852204 0.733147793187233 0.665634603056162 -0.70459252589994 0.101064464725604 0.257634332752569 0.485009859664598 0.370217888948748 -0.0143577903305689
60.6662035236996 43.9725373272181 137.51253359125 0.32500403607377 0.669695459349512 0.667742741078108 0.895911852216288 0.00807622636729166 -0.444158448783518 -0.136453686743389 0.455377079232862 -0.192023275930914 0.145360118228974 -0.0460164826122517 0.168506746214965
61.0087786215844 44.1566247605401 137.232911892573 0.251857169884427 -0.228020768811708 0.940518205547957 0.92868889377696 -0.216424799083154 -0.301159832840691 -0.295290959955469 0.416913018058416 -0.847612281090783 0.494407873509731 0.11546031438168 -0.458594025834229
61.5223406705819 44.2014628416787 137.254696931943 -0.211981796604855 -0.804284177032344 0.555149241629797 0.815569568599556 -0.458566280142053 -0.352935185961831 -0.168828043275686 0.243808169013372 0.133672195918354 0.0179099925961076 0.0492782828648117 -0.339113870748411
61.9170639742782 43.9646583879153 137.382421683119 -0.617092723035331 -0.748670360626428 -0.242258668153576 0.784809630948806 -0.607941780348127 -0.120335509624146 -0.169145457006495 0.224865083584451 -0.263073850540475 0.944602296577237 0.441579185569619 -0.216796148917447
62.1142866049012 43.6330661506621 137.523054333355 -0.180524599072767 -0.11361870408201 -0.976986007684859 0.87292962390836 -0.476209578986108 -0.105916517048451 0.181032432510337 0.131208319678485 0.226035699174507 -0.314343420350155 0.0413739628456707 -0.188087303920976
62.2855540624579 43.0757571682944 137.422767759356 0.325307239777457 0.563186446827756 -0.759602676309574 0.912759396736437 -0.396905828944092 0.0966232198675221 -0.102600250235888 0.530679122956487 0.0319981762336442 -0.0431853532499833 -0.388626453179624 0.383941633560396
62.7415267874695 42.7516924193452 137.164338260384 0.128866494744151 0.955841244055473 -0.264122968885635 0.977101197707925 -0.167862230038006 -0.130749841925507 -0.610340390111957 -0.189726903213358 -0.274165444808433 0.566567696572319 -0.353352016172728 0.0413350903250756
63.1023735958716 42.7928680653434 136.809742754441 0.45334597336522 0.526461826204223 0.719246393096534 0.873598652319985 -0.422610667953945 -0.241299850798953 -0.0557210088626657 0.148780290733748 0.516933376927668 0.0982788293812355 -0.377113836553616 -0.363277600789316
63.6022074976723 42.7337972979931 136.573274231565 -0.0432724775048757 -0.157148987364195 0.986626417880361 0.807423279808044 -0.587104720975519 -0.0581007214350374 0.447649698396716 0.339724367157311 0.0820356142378094 0.0196060239869558 -0.00983596225906375 -0.270248037126438
64.4083224034396 42.5871629097013 136.520659293277 0.32855504058683 -0.865344627713162 0.378457739504894 0.227297453402062 -0.316482298655891 -0.920964072216249 -0.402544065754887 -0.183929843399645 0.281016445327 0.116608541235594 -0.195478486800814 0.74198763427382
64.8389898860823 42.1885577896754 136.13588456003 -0.183934620328083 -0.970893652111935 -0.15340655700796 -0.292990868838436 -0.0948199846946258 0.951401871597514 -0.210484599279563 -0.178588468640693 0.00245173670139332 0.0575965336932073 -0.0995243869352637 0.220599337618396
65.5567712343536 41.9940149548612 136.838303345997 0.837043836247962 -0.208562817730419 0.505825233909581 0.542932702022668 0.202248810092919 -0.815057973331048 0.481315766258683 0.0525826354010845 0.295254051330395 0.0198874205810727 0.406071591278628 0.0408395896626487
65.8199382256492 42.308247722692 136.612493620585 0.296974448429131 -0.954473774998704 0.0280355099761593 0.715256048569424 0.202901062131955 -0.668760004762849 0.248743959237383 0.0543199461760491 0.548193051148855 0.211566818013986 -0.581278403848442 0.579003992695379
66.3745287246326 42.2717180860317 136.583345318521 -0.172700385265705 -0.841034603137421 -0.512674724610172 0.837748459000997 0.148322749079305 -0.525526290062607 -0.0906144660446427 -0.438161198584538 -0.268628491436038 0.0771135970256607 0.271551600213988 -0.491709382213904
66.9120229097073 42.0953696704596 136.512867046943 -0.42261614293423 -0.323237883750415 -0.846707072274949 0.880667594286852 0.0741896736952947 -0.467889389375244 -0.319590207560287 0.275862949585017 0.484708446177042 -0.603837941555617 0.258817714563067 0.365264779238672
67.3000725431965 41.9275796887992 136.246551187907 -0.485524144770304 0.378453702565573 -0.788060340239926 0.872097016054505 0.14684125121004 -0.466780935270242 -0.118150121519143 0.155529034088438 0.356540913595182 -0.129665239788155 -0.0135920900075879 0.518264523137596
67.6167133473137 41.9229612510818 135.851302895546 -0.470486170416851 0.882402817447 0.00283393861121001 0.788569464957221 0.421892268736588 -0.447398158822031 0.178924814183352 0.0381686486785552 0.022858636014953 0.893877901549602 0.674989274321445 0.517085808953365
67.7028934239801 42.0531812888211 135.429393741924 0.268106718398078 0.655642594358201 0.705869376026843 0.628644304942333 0.436142795600523 -0.643883374306909 0.522141984087982 -0.160291129327117 0.062529074888585 0.101235238765096 0.0776300080679476 0.466459684667201
67.9022824224619 42.4497357871375 135.105146499581 0.591663274638369 -0.105575294948637 0.799242407871438 0.791755679258372 0.262825850987477 -0.551403224885477 0.471958715207855 -0.0992857348689134 -0.702519836509369 -0.173343319280311 -0.463076239145282 -0.290687893060478
68.1580008734304 42.8740520209835 135.015245374123 0.553622434666065 -0.81116494557956 0.188450605986988 0.682385100037335 0.312169191238956 -0.660984849514632 -0.188773189825406 -0.00360206433628752 -0.419338895398314 -0.378617250666433 0.124559773177601 -0.31534284110957
68.5825448503658 43.1425864354731 134.961498467366 0.128631925362046 -0.919176737876164 -0.372247165635399 0.653710650858311 0.360859250217022 -0.66516387942099 -0.272252046347173 0.153287250538694 -0.0118863001673363 0.305680365281225 0.125619587471979 0.0242305981835521
69.0218847382329 43.1204213584769 134.730367780523 -0.4393374149725 -0.580144439155288 -0.685868110879171 0.681257295006125 0.282500690458758 -0.67533832846212 0.327633075707895 0.197493642587604 -0.207018991081975 -0.177138938893098 -0.0263967288275818 -0.363677168800772
69.3559321554969 42.8995143122635 134.39398160543 -0.805808813113941 0.0807692142978378 -0.586641705582752 0.58338191588294 0.278367205252649 -0.763005399233912 0.777978230854935 0.153238816513937 0.695754314396804 -0.189520399234201 -0.0521869348867837 0.124309051033028
69.5298919864527 42.7350393022548 133.95464845126 -0.643700141674661 0.746105946113199 -0.170223514186877 0.515767015088378 0.25863342325963 -0.816757698781935 -0.288274525207145 0.129731581876943 0.260633320759034 0.201467939004792 -0.358762159138645 0.0343119673177686
70.5682248656574 41.6900761775226 133.832367292212 0.360068460311605 -0.916453577467315 -0.17453808820721 -0.708055571231265 -0.146634553828947 -0.690764515353162 0.029197101379055 -0.00997412357033655 -0.112702409676353 -0.0067105744945073 -0.00278186116845061 0.00782944962897768
70.7331232848491 43.0706806429965 134.059534248237 0.245979436124569 0.682099561431398 0.688646720241116 0.734003590534961 -0.595097026724437 0.327258701741531 0.186823791067558 0.0171356188433697 -0.335044716878692 -0.696148710224669 -0.250873667015693 0.589471319899883
71.1867784775377 42.990556667594 134.158150662882 -0.478695946786848 -0.0343956086250054 0.877306749453539 0.672219724022931 -0.657130366589506 0.341028333045066 0.225080326322224 0.155023893779963 0.478744567260615 0.0139571480095284 -0.021925500398806 -0.185336138735411
71.4717642701374 42.9115160591117 134.528880080758 -0.674359107011711 -0.706282370605988 0.215418215945766 0.738387585618021 -0.643091937176055 0.203018555172038 0.0200164768555899 -0.0544273227593336 0.0731464082409827 0.60406338435971 0.40868722831203 0.0527681798770432
71.6607978924458 42.7072213466165 134.904980713826 -0.487515027882213 -0.785252796020577 -0.381716051443083 0.73040645645338 -0.606321633264047 0.314452675939802 0.36209921383793 0.230545045053829 0.182656871318987 -0.0635013054006656 -0.216273186469338 0.513286629651276
71.8527985757163 42.3225375945271 135.20237265516 -0.113185736404895 -0.433035411084536 -0.894242317172329 0.808037462115175 -0.563839674966126 0.170763815701826 -0.614753534948725 -0.173175749674558 -0.254841454203927 0.196586681888749 -0.538800699988461 -0.388992393044885
71.9473098553658 41.8399948340766 135.323607965703 0.50454491322643 0.311464756447394 -0.805247872414329 0.807199915014335 -0.501122288365401 0.311937091901512 0.325688388354246 -0.0960335638919865 0.129932816127752 -0.0741014434962095 0.256749736506717 -0.00663250668981354
71.2761960578785 40.8980148084171 136.182728983724 -0.750412850296646 -0.249060654227378 0.612249413739795 0.413626047354587 0.545550733074172 0.728894979123298 0.243701128039502 -0.246838995174597 0.0196523004912277 -0.275103630313162 -0.258186990717128 0.253788463132773
71.5493743863239 40.3608262930068 136.768385073328 -0.0589047857822941 -0.730169067116212 0.680722674542359 -0.894139750540058 -0.264631445054175 -0.361226113108703 -0.409007242701003 -0.0193149851077829 0.171190973954098 0.852659419155266 -0.438820365054405 0.591497059251264
