t = 20000000
b = 100 100 100
E = -0.582130705290359 -0.74561296691304 0.163482261622681
-53.5908639600657 46.3167482997655 91.9136426620224 0.806528303419249 0.587133042052533 -0.0691873305975874 0.332529777193333 -0.547292859080513 -0.768045879932286 -0.605720659998009 -0.0851540375816586 0.0489174709323247 0.405768073961321 -0.226947961622108 0.264061907895515
-54.7466557809995 46.5549249906281 92.0806619262147 -0.594148050585824 0.174878646256889 0.785114993532115 -0.623726847970294 0.516153193835929 -0.586984411730382 -0.173963390131381 0.379049598938414 -0.209096719348294 -0.605195354160972 0.472342989903795 0.00375512621614209
-55.2237089374882 46.6228324143382 91.8643981370603 -0.143652911578067 0.534048895143142 0.833160019798534 -0.815735303167606 0.412758720540527 -0.405223584929354 -0.0651178057569497 -0.696483712312026 0.271502411943322 0.102860534330682 -0.603357077515946 0.192275432369039
-55.7441957613961 46.6543556533205 91.9160149994703 0.309398504115079 0.847169042638693 0.431945805450556 -0.841777374247864 0.455301562304697 -0.290019550319874 0.0450396575201886 -0.121076233113015 -0.07916009307215 -0.322640287251472 0.0254346048752721 -0.3356102638861
-56.1812115210039 46.8679646468564 92.0541760633364 0.475154452121594 0.819112006550391 -0.321377919830399 -0.863550190199723 0.364019402291924 -0.348956936830118 0.503198640765727 0.415497243711886 0.163220919760806 0.0736799467641278 0.282141690389496 -0.508488949949844
-56.5108072880898 47.258970705919 92.105345786846 0.417429519732915 0.212385179532999 -0.883541244973889 -0.849604924863964 0.436149878710816 -0.296554809348803 -0.321256703950129 -0.0751526948661351 0.375379517917407 -0.286015483722846 0.315724339469307 -0.0105772613088526
-56.6307176990664 47.7407489321764 91.9826509368457 0.113211117569767 -0.309340788210311 -0.944188286099716 -0.513234755973875 0.795488628941873 -0.322161336109581 0.212423349279522 0.357063920710099 -0.47110325369348 -0.227553516635072 0.31944981861639 -0.284120256283713
-56.5327676182314 48.167245167253 91.6761361281954 -0.735385839807043 -0.558294322610506 -0.384076966181672 -0.500754332809943 0.829574913163862 -0.247084118510687 0.375024108078623 -0.233107408472814 -0.0955690527846497 0.245728421460507 -0.405965422772112 0.127841386179629
-56.7229525988468 48.5203498275707 91.3067134143735 -0.709805590361035 -0.616557693186038 0.340635633581654 -0.692972623460902 0.69795798057261 -0.180675400896163 -0.0511058466723787 0.362961775478695 0.131105787070609 -0.183318035446798 0.0946721141992088 -0.353507672738782
-57.1479454384681 48.5670177104455 90.9634536744505 -0.556332011406689 -0.201382782803373 0.80618835756481 -0.736146908154353 0.569492050932005 -0.365741074447745 0.0696922240190448 -0.159220773684561 0.332398178442181 0.576026586621872 0.0843017755394574 0.324895968745735
-57.5609271237166 48.4414857462677 90.7418635899895 -0.217602040056589 0.662540767764684 0.716721063742147 -0.849409046456433 0.233169532204077 -0.473430291647189 0.128378520571428 0.244918884828733 -0.139746729628153 -0.219511541089523 -0.273675317764306 -0.130621426159795
-58.0407761650238 48.4281131626719 90.6886031919303 0.296603254548806 0.954923320986667 0.012163898462768 -0.656684481255195 0.213183826434326 -0.723407318337886 -0.249692515028847 -0.117296219526011 0.584167561849447 0.324048513107696 0.0982718666961042 0.238164583837295
-58.3036727105412 48.668352873646 90.2438666651314 0.649700332199218 0.759328769565797 0.0361842237618113 -0.487496411966512 0.452691743514403 -0.746603933604107 0.171155482041565 -0.37595960302096 0.109814602610351 -0.138142153523584 0.233350864399329 0.353308111881818
-58.1626163169742 48.7996584828688 89.5232212768648 0.181173773455596 0.980225545144526 0.0795860820548067 -0.523539062241558 0.164636619536996 -0.835943558988112 -0.12717697205564 0.427883433242833 0.0115523060802579 0.386838278709656 -0.516479303383065 -0.268225506610233
-58.6076472479171 48.9595338858593 89.3059052157282 0.662131918292128 0.602954775795643 -0.445002091145189 -0.496323946881849 -0.0920672932612104 -0.863241654036052 -0.455123172846499 -0.929890411620113 0.171367308213854 0.577741774340369 0.0630678416546008 -0.461982484684706
-58.8315417587678 49.1873381671687 88.8604417394034 0.962629780757493 -0.145417366952665 -0.228468147861574 -0.248871814904707 -0.142301235099691 -0.958025666793585 0.125920054952206 -0.101084203950895 0.226365743649584 -0.308557422890251 0.083322390315592 -0.164733890425765
-59.4853415687971 49.5794549914725 88.667255852182 0.779284605126487 0.48613271661449 0.395462369955111 -0.196160368688348 -0.410113333645932 0.890689712146077 0.281041068612765 0.242243203808804 0.0537581835197462 -0.0075846464916092 0.0603877895628127 0.34021087844216
-59.6439495085668 49.8722128961236 87.5517327845178 -0.311641579881974 0.258121723416022 -0.914468535045797 -0.949840234310413 -0.111096178523919 0.292337422169903 0.183680879052181 0.247739785822582 -0.526575155359881 0.602941907322817 -0.0602913877502048 -0.235830989154401
-60.0758306265329 50.0421174071174 87.6458383662773 -0.110999454586326 -0.465689659612684 -0.877959145980513 -0.993732186044766 0.0637828457945927 0.0918046349623803 0.370651244694384 0.349566476916315 -0.641350750437602 -0.203451970183775 0.802085207190462 0.325106839348983
-60.490252870588 50.272383086633 87.4627121664154 -0.116283896903209 -0.948249741319587 -0.295466552095873 -0.992907322153327 0.1184011406227 0.0107805154042868 -0.237875658346822 -0.00396104574276066 0.146241861410048 -0.422905921563838 0.39277249330962 -0.182110365062791
-60.6721790683218 51.3262830929359 87.5580818992487 0.834677069632661 0.539816043564116 0.109145904826303 -0.394531905487075 0.724350855467407 -0.565385190588219 0.00390323956952743 -0.218946576513236 0.222107336705441 -0.530220770051525 -0.237371053890258 0.329376510325461
-60.8586764029242 51.8428512308733 87.5323425328099 0.894632951599429 0.135691735926029 -0.425698995433368 -0.332073971120483 0.839374009021239 -0.430323309481078 0.317591808897948 0.777632940785646 -0.679326677882145 -0.238120298235894 -0.731712593989239 0.156972974724459
-60.7918791471267 52.3465360907723 87.5377768566484 0.423232868397988 -0.284037661701158 -0.860346759069843 -0.166067988059609 0.909180350698003 -0.38185404704496 0.007753431884921 0.144718103921967 0.0436866979588282 -0.0991795787781745 -0.377943883513835 0.196064700417068
-61.5407329353332 52.8062257333709 87.9511196610503 -0.0924705476995977 0.208614460259445 -0.973616559420988 -0.90314414667915 -0.429292597224583 -0.00620614913521174 -0.0896519208826906 0.153538889879322 0.369858981825599 0.109907103686232 -0.406412744819535 -0.740847746289555
-62.3007330190127 53.1776156582376 88.2507448548432 -0.869601301448584 -0.492436037960841 -0.0360600199102711 -0.471046397600773 0.849285652195453 -0.238388699987488 -0.34269051486653 0.0196524276266226 0.107638572977589 -0.134013593429094 -0.517069024123465 0.0281715183796826
-61.2035666668587 53.8514892880431 87.7162704934493 0.257370879410216 0.816702529268328 -0.516485439405876 -0.578746642183181 0.55830363676674 0.594431975363674 0.297861119881084 -0.650745858597787 -0.778735427467757 -0.222429934039754 -0.520799015888781 -0.264428283248382
-61.4428062518669 54.292086880946 88.013718331354 0.273356272738032 0.437794635046977 -0.856511649469848 -0.350890964907843 0.874451661347105 0.334977346564898 0.345590448721922 0.458210918195892 0.796945008601681 -0.41291956207047 -0.121917925304764 0.0535330089248563
-60.7572603647052 54.68641938483 87.8923440114832 0.318211973859304 0.91173182666846 -0.259781092332494 -0.735591489290409 0.410319499468732 0.539020472004601 -0.197542538949468 0.100690492925871 -0.188175747841836 0.178325225155991 0.425415264318621 0.00270916768623358
-60.2387782274305 54.1971952918789 88.3520438747588 -0.296852813855352 -0.55064404768481 0.78017276269693 -0.905101910263737 -0.0982024493331118 -0.413698937611431 -0.00724957930482686 0.188604843767298 -0.435036918736474 0.130134716435321 -0.233344413801906 0.248789939851455
-59.6484957583682 53.4098048833741 87.7896931688324 0.726528596296404 -0.627350111003867 -0.280335579237156 0.612849552349564 0.776112572851228 -0.148541914779214 0.0499775970522041 -0.218700726941105 -0.27140792373004 -0.908224087368417 -0.151546504255636 -0.090359275820748
-59.1815794154116 53.6967878837756 87.7974771349924 0.217451613546851 -0.367726274869254 -0.904152742923446 0.609529210901208 0.77465701152388 -0.168465591601644 -0.0413107610318762 -0.668701784457855 0.607030127304389 0.0859217087239095 -0.732685752541026 0.379498708757837
-58.6962413301833 53.9401857024381 87.7361982094391 -0.467300605140734 -0.0636570149604604 -0.881803792734708 0.574726087723734 0.736029189937056 -0.357702328270273 -0.246605248377559 0.257855766751912 -0.173095932074893 -0.00847517276364892 -0.497284006400403 -0.553632840292354
-58.2871515530833 54.309795485951 87.5907056363318 -0.491816270114091 -0.376561747420738 -0.785059237784236 0.640601466008504 0.454165983518366 -0.619163161987737 -0.325322891499058 -0.406388632821494 -0.188798036131227 0.0825671369123134 0.314768034515938 -0.112677069709751
-57.3723949009169 55.0069411103429 87.4243208539449 0.47650451702936 0.870480379167547 0.123318103829315 -0.136563794490677 0.211848464212721 -0.967714089100508 0.296778780575296 0.342978007293478 0.412030324321047 -0.121744993165896 -0.261654550083901 0.573288267533235
-57.57933934122 55.3371544278912 87.0823987955504 0.994468031936849 0.0979701495251895 -0.0378838125899119 -0.0590207539306497 0.222829996952553 -0.973069033041388 -0.00792778876886756 -0.0824235372743733 -0.593362348894036 -0.357806997366439 -0.349418804499609 0.00151426291016184
-57.5631072420048 55.7012386923128 86.6654265761279 0.882609104031903 -0.446826754852866 -0.146106196401619 -0.0239009867309433 0.267740185810396 -0.963194651010523 0.391243445194108 -0.208115582100872 0.0728462105548895 -0.544855855490096 -0.0667003894023322 0.214930475789203
-57.3789816416148 55.9468931347338 86.221319374004 0.315139163175515 -0.936608881505821 -0.153137555537905 -0.079424071768315 0.134765624666397 -0.987689244262362 0.181688351151752 0.0456886892627877 -0.331078838524376 -0.649291841183497 -0.0233085779330927 0.000649653285581659
-57.1272383927524 55.8524474005029 85.8030983246128 -0.541679907249549 -0.835295926083413 0.0941466619238388 -0.0919004899553188 -0.0524811711495631 -0.994384244958257 0.00929198164122983 -0.390643273057202 -0.13229374903199 0.201493162008638 -0.19523252263854 0.255061583879796
-56.240234058694 56.2181012409527 86.2388420884601 0.0880113146516156 -0.772070945360444 0.629412792865353 0.995796766327962 0.0842760922048139 -0.0358655886984802 -0.138279097950484 -0.0986193983946193 0.135757579866114 0.221386691431623 0.157763216461612 0.0938100555908813
-56.219024973989 56.6767427039823 87.0980188807624 0.235792760431954 0.409590858147183 0.881270164619509 0.557937065544725 -0.799547996037013 0.222326860548804 -0.0829906752403141 0.26187659663613 0.374848944670524 -0.333869615023887 0.372650749512001 -0.165084257180947
-55.6884468921617 56.5554437754257 87.0744446796488 -0.28713124827189 -0.117742100154869 0.95062739499545 0.557557223413255 -0.827517647038843 0.0659127184781779 0.626217686346713 0.0853807276956296 0.0800136596716243 0.111770893075615 -0.0997581720493215 -0.475040319776153
-55.4033289826061 56.1214814673011 87.2319245376173 -0.722332957796107 -0.0595000781265634 0.688981014821265 0.404407339343029 -0.844522207298913 0.351051200345352 -0.0943945995881964 0.111072106784272 0.0322386761915771 -0.453433034954294 0.332412661141627 0.0139839485647034
-55.1175293240591 55.8476442295963 87.6197003871255 -0.96345498779635 -0.238982820411338 0.121002884418859 0.263762137110465 -0.92518129511745 0.272890282331818 -0.34297506386105 -0.61293562947507 0.272959963349336 0.356590310283437 1.02223804255848 0.726056901832012
-55.0496366478932 55.5706002452796 87.9916372726161 -0.586930941811507 -0.394484168004989 -0.707032043642195 0.177525559911083 -0.914723784975286 0.3629945905623 -0.106260312669567 0.0474192190512094 0.0364829311157552 0.0223386807572421 -0.118911118258349 -0.424216857752375
-55.2723601326758 55.1566577720841 88.2143694828063 0.35741366840641 -0.279903557291418 -0.891015975306163 0.00945010522620309 -0.952900835134446 0.303134778456717 0.0010423347660701 0.148601177298189 -0.300862242951494 0.0848656950270006 0.100297332240597 -0.370652513100234
-55.5705180808361 55.8133850826953 89.5706076470004 0.176284015710881 0.186475802434867 0.966514728759947 0.967176670611005 -0.215369934446792 -0.134852063990612 -0.623097296028622 0.33231129953565 -0.36513096296624 -0.375675403205624 0.146654627336572 -0.0282126096751984
-55.1467948870996 55.9781127154639 89.6059300105014 -0.0676810599882872 -0.702140429680781 0.708814567518751 0.98145481824325 -0.174564435873456 -0.0792066757013239 -0.0126750040386978 -0.414796503870369 0.0331265811542799 0.0420445106626772 -0.237126263380746 0.359819708201822
-55.1182755006234 56.5458431870927 90.4855991490675 0.273142111827139 0.414607440781086 0.8680403543582 0.311829612978287 0.815468964801404 -0.487619380166716 -0.153924244449495 0.153197791528029 0.253400120475303 -0.39546359809599 -0.537664660649177 0.218772020172874
-55.140927280491 57.0293553967138 90.5305421665378 0.95838233929258 0.0850271640433219 0.272531967126732 0.100626294585429 0.79274553564409 -0.601189541287239 -0.302254532667509 0.232504341906204 0.0271534182597326 -0.349525582235858 0.085185245388753 0.160562660414413
-55.0339825585597 57.5127109897069 90.1760106238871 0.940033788765562 -0.21978242647713 0.260829754799534 0.31825232859826 0.840253207784106 -0.438964693509599 -0.519684167310731 -0.680074555682831 -0.0351598390506776 0.671632328390262 -0.429704318715456 0.260592915517968
-54.7852964323378 58.0235057684581 90.2348841923809 0.743317760634664 -0.604186828992435 -0.2871184118045 0.395089981039141 0.742878155706191 -0.54040350910847 0.0633813361444397 -0.332026944720337 0.170058197374938 -0.194465509887604 -0.238733499072122 0.257768962590394
-54.4337966991063 58.3121499526547 90.1860279711689 0.169897421167028 -0.573868668821286 -0.801130212403659 0.259573938287309 0.81030079682942 -0.525389369153266 0.26495575141992 -0.0800152318414092 0.0443476889806894 0.0942171776920588 -0.286018855417188 0.059163732360811
-53.6444110255585 58.1963845207057 91.0466836886283 0.650493231514795 -0.607673588319362 0.455621954928017 0.57479922409489 0.785990471958687 0.227650675311925 0.163808926521982 -0.164282530594265 0.0902214500904599 -0.340536541886371 0.302988526172413 -0.124882087454241
-53.2759621881398 58.4818131845858 91.3384708073806 0.706330349015512 -0.614768645536682 -0.350937245848063 0.641858442688054 0.76527311885007 -0.0487318490740585 -0.270597211863935 -0.596615586304776 0.232486863269347 0.27547294972456 -0.705935144275055 0.370715083494749
-52.8401285276706 58.7237388922638 91.1953178749885 0.236250209702981 -0.849228020745868 -0.472226224592559 0.752336430441067 0.467430962561091 -0.464217826745862 0.00521287135656903 -0.0726867270701665 0.291343635286878 -0.292063150683506 0.213382281810917 -0.213141893115415
-52.3980149279537 58.6271351891573 91.1207130853498 -0.176585723238567 -0.290602755184074 -0.940408167248282 0.772513614309557 0.551146479468717 -0.315373229483928 0.306176396375159 -0.393486174172282 0.158590020563581 -0.19443621541618 -0.243442645791638 -0.158678217346169
-51.9574502288283 58.6538635428061 90.9562659902898 -0.634043864571583 0.399735561587105 -0.661966659736381 0.735275177923871 0.576757704092523 -0.355978880693567 0.145185147313116 -0.209698665951317 -0.0860858298239957 0.105137181566585 -0.648728071609702 0.444639208510255
-51.7885702361047 59.2305395369362 91.1179825416466 -0.450729944525412 0.118826002485199 -0.884716281211914 0.879483035040497 0.228778882796307 -0.417336571441185 0.18886932265915 -0.579574681119667 0.293315494163019 -0.273488072732821 0.315469666978094 -0.53632247572702
-51.329454493931 59.103992724774 90.8029416865772 -0.558873386582624 0.720194990449743 -0.411071421411741 0.815322090753862 0.386738500879299 -0.430909758843857 -0.0972390051297811 0.623060430878907 -0.00115631657695263 0.655322426408822 -0.0824262766168295 0.218806491728917
-51.0435967205979 59.2192053695493 90.31797545806 -0.200799279912165 0.907468790393824 0.36902580349732 0.803642402395619 0.36801031426 -0.467682902904427 0.343022438151858 -0.176286644681826 -0.411782693581188 -0.703139878842102 0.0950375481872019 -0.531512719760098
-50.6850089558753 59.3030630492432 89.8904069439614 -0.197727678913226 0.769869297859649 0.606799002310544 0.729287559922441 0.529165676063522 -0.433731878260157 0.32666654253038 0.464123251426015 -0.716948277547404 0.153383959094371 -0.0338989485150868 -0.0256798179281964
-50.3200161717936 59.1267209383038 90.4415205420592 -0.496088986295251 0.586462789108773 0.640278935049039 -0.841420547352158 -0.50668400149202 -0.187837123929218 -0.0882108898064835 -0.231448514447503 -0.52202102643157 0.107338989069752 -0.135055048833709 0.639899480780679
-49.2131526099841 58.4514225782478 90.6345916005072 0.71944362112168 -0.643857482967451 0.260477288172423 -0.692591796646457 -0.693200081515838 0.199474936280116 -0.075253245125815 -0.1752736430758 -0.0375207961571712 -0.0818184282323263 -0.0740432636585062 0.108930408887364
-49.4103936037398 57.9979613006291 90.5209857690992 0.656775077658535 -0.383387472217029 0.64935394317146 -0.620244590368903 -0.764404514567343 0.176018141750389 0.467460095000259 -0.269784704108673 0.111582042744163 0.0871272901966346 -0.231768613685322 0.0165891433297003
-49.5327099797095 57.4791293415608 90.5297648775119 0.294914022191044 0.0878827638270469 0.951473772279977 -0.529363809876206 -0.813958565788436 0.239260130344509 0.193530323887656 0.437582623096563 0.835821344683281 -0.29729220073741 -0.15910125202101 0.156579747841843
-49.3089442608458 56.5060417566682 90.2311326227141 0.203036749353452 -0.668301399962464 -0.715646083773321 -0.147149607610694 -0.743394353138238 0.652465959803329 0.223540983436988 0.34116961329442 -0.808287344857583 -0.249243834507365 0.121677228342505 0.317078317086913
-49.6903410253676 56.2243254197438 90.2301429534185 0.760682251959389 -0.592130616150363 -0.265977151218806 -0.319069164563522 -0.697906119230208 0.641187895210825 0.3328200143254 0.0262871990363444 -0.220237397471799 -0.41065914669139 -0.185075114123777 0.116559690125899
-49.9636691508915 55.7476942281352 90.3338949057741 0.995284601090536 -0.04747130192602 0.0845874596129545 -0.0915689649181044 -0.747487835620572 0.657933933051786 0.119314447368532 0.4596248694045 -0.0370025806970876 0.528332258020057 -0.0592240436817174 0.199327219448711
-49.9446288836905 55.2917452698346 90.3789685327128 0.824783148620793 0.385778582044264 0.413409776596393 -0.00883088928937955 -0.722240223215193 0.69158591321859 -0.173912651621616 -0.0807705297079 0.0913248819785838 0.119257437677205 0.142838801407791 0.0235597255981218
-49.7316586286476 54.8316375812467 90.5400074300797 0.188595944737927 0.700959172653854 0.68781378868026 0.0687454237323455 -0.708087366672319 0.70277048022293 -0.0356154486269643 -0.242286926857011 0.0386595327305356 -0.202291630407181 0.0928630055858715 0.158204763529557
-49.4641649649031 54.6181523462499 90.9427405545715 -0.505845956487302 0.662990248199499 0.551872991816804 0.0893762986544203 -0.596036283435862 0.797967810168978 0.343400864317024 0.274151194772738 -0.139747319610272 -0.205530790972655 -0.01659412343367 0.29011070831457
-49.243451480208 54.6070682522364 91.8007458176637 -0.0139087732397039 -0.322080139333107 0.946610231232042 -0.208139718066754 -0.925031540843882 -0.317796328180569 0.204785520967528 0.41745429677683 -0.13614764228132 0.152344497004578 0.14299401314546 -0.00168920048969703
-49.1629660457388 54.0924334224761 91.7906171915898 -0.398023536782251 0.00649823407280715 0.917352188159274 -0.147422533505469 -0.987431554591058 -0.0569694796493466 -0.127166008200057 -0.141769279980209 0.206301971000983 -0.0425943439057628 0.733954308840627 -0.35427702573378
-49.1510737883324 53.6316738638877 92.1179778377814 -0.907187012033334 0.283821530396303 0.310575375846765 -0.22167688817071 -0.949858229059758 0.220519164560919 0.329167854235345 -0.324473885994127 -0.182637304529766 0.204138189345839 -0.3154255295729 -0.29067381929797
-49.1578875181204 53.0599163911549 91.1990306738171 -0.838060908484309 0.0787830152153075 -0.539858453840277 0.408383028704031 -0.565559104103541 -0.716495779213522 -0.259557180551439 -0.0561840393474356 -0.338191515279897 -0.268157329568801 0.621319168571043 -0.262470298300092
-49.0460813776319 52.684945488602 91.0397580966312 -0.314514929322383 0.658712042243436 -0.683504794889465 0.558658915313445 -0.453695605971143 -0.694305778071404 -0.0151780803916785 -0.478509532884808 0.476145538110114 0.504946119473646 -0.244799550314902 0.113195902320492
-48.9333228318729 52.4223147945362 90.6564695961277 -0.00328479333573891 0.903276139045249 -0.429047114852865 0.332755319601647 -0.40361168337488 -0.852274314009083 -0.343953715365436 0.779471620946676 -0.114222843226004 0.238826678701602 0.08053545757933 0.493335104220144
-48.9695029098975 52.2437955415831 90.1504725581598 0.401540102389424 0.914788735268643 -0.0438989293159164 0.247602781389542 -0.154581696415491 -0.956450396925763 0.306306602453927 -0.0310533409066312 -0.129521712767 -0.348479482426507 0.653242803115012 0.448324956502427
-48.590192333689 51.2902752917241 89.6399302666397 0.371450236607591 -0.902580329485273 -0.217654475142993 0.922304260303891 0.3856425670947 -0.025192496291634 0.222367742090634 0.234794529347354 0.0644469040591284 -0.172992170211974 0.0734134145782786 -0.413063385887914
-48.207679703477 51.1930383362196 89.8566266723307 0.355908167689339 -0.0434298285016412 -0.933511235158424 0.853522113212268 0.421896036908496 0.30578380646752 -0.156514378940292 -0.156657682795186 -0.145383593737605 -0.00020579670465645 -0.167783360950962 0.108378815733086
-47.7205201098681 51.1797197102775 89.9758783815024 -0.0508043308145453 0.412912723505277 -0.909352518409605 0.924510565631777 0.363846086074742 0.113561611838457 -0.353929310469567 0.342714213759989 -0.0551856987630878 -0.149071603814284 -0.358760802513345 0.416281718905974
-47.2751174921038 51.2063806163729 89.8022039983049 -0.269449042134712 0.961180335832981 -0.0594102322986146 0.960852238605776 0.272463842658095 0.0502636052320521 -0.398144795966424 -0.179260851949644 0.471017156664759 0.126826113607599 0.146685628908288 -0.279079970777974
-46.8709120036783 51.4268224339255 89.5741826533914 -0.418094096929899 0.577707922376491 0.70103557865148 0.903348408952343 0.34571403818111 0.253857156383355 0.89847965323862 0.2139672954279 -0.512320817303934 -0.0212306189440876 -0.306382592165864 -0.1725238849843
-46.4934762157482 51.7889361550922 89.5027090258736 -0.220826296988524 -0.117655513902073 0.968190542510177 0.939931269678888 0.239284241686518 0.243458949227398 -0.160849435863559 -0.00457501680330047 0.254175657232418 -0.459126130432493 -0.251023199945331 -0.190635175335885
-46.0892901211881 52.1242734156529 89.6995602995521 -0.129831425995852 -0.764728809478287 0.631136790860776 0.951142540477203 0.0837762259867719 0.297168995109623 0.404218068548449 -0.503162486248328 0.0212522757444393 -0.344792649376468 0.162421615675557 -0.224559103035202
-45.6852665391311 52.0201098202472 89.9566178247667 -0.0696097542294411 -0.947495370542122 -0.312100953085319 0.993068601525037 -0.0361149088686262 -0.111850194558513 -0.0269697820168557 -0.115506091350675 0.296806692492777 -0.0109976969954915 0.0339145327641776 -0.302503491656192
-45.1131040618456 51.8417280062384 90.0412375380148 -0.348529073149143 -0.744705275297781 -0.569158622980383 0.874550592294008 -0.0399342267038038 -0.483287201418525 -0.00240049195612277 -0.579158077362745 0.355079956593595 0.42485421147857 -0.673253336615861 -0.19800976203831
-44.1851494043811 51.5943805929898 90.4360969541279 0.64676109004566 -0.226960824230272 0.728140698400837 0.430375844774132 -0.679575864897676 -0.594098709040442 0.339676478930667 -0.0402009195051609 -0.12106317295011 -0.0779233244861791 0.21491187069841 0.0323606566953359
-43.7815089641596 51.4772073123654 90.1486926271306 -0.149576508617754 -0.673328986865715 0.724054516948901 0.289157057705275 -0.730066807083498 -0.619185475582324 -0.20631176788471 0.133346310334859 0.402305580323699 0.1731214066881 0.419306859322093 0.63389035172495
-43.7034429060456 50.9973637197981 89.9135774763491 -0.625397193467172 -0.293038398773998 0.723192123330464 -0.101831484591764 -0.888229024201763 -0.447972710453659 -0.447516275746769 -0.346941397979267 0.167308426320719 0.507226435620076 0.117024439163522 0.0912176011521543
-43.8387269138187 50.4480655000803 89.6936024792705 -0.551878123083462 0.0260512257160092 0.833517768796883 -0.397787514528975 -0.886694549601398 -0.23566473853959 -0.16214111636893 0.0432844997307016 -0.153547383563982 -0.287344120254341 0.18552324524333 -0.525305251614607
-43.9306532758071 49.9608981455136 89.8438520714311 -0.82443656684269 0.565754839813638 0.0150269251597118 -0.554209097478171 -0.801661175592953 -0.224034898663014 0.0396948060940066 0.170658994929207 -0.316849473701471 -0.0757538310565286 0.636304094489631 -0.559961833648774
-44.354210062592 49.7066677900624 89.9538804686438 -0.260161109127598 0.465182554047123 -0.846121379417284 -0.561567099187003 -0.785744927659104 -0.259320847152316 -0.0978323704977059 -0.527738880226238 0.133912873907126 -0.179358297286893 0.0462265094519216 0.328520405445752
-44.4531149701874 49.8513106651279 90.7135308162167 0.25010643676912 0.499124906076685 -0.829651190814924 0.241312166635745 0.797709974952626 0.552654715074802 0.576423614926948 -0.093590212358264 -0.00171915201713945 0.195765064830566 -0.00848343188483901 -0.0816796680647713
-43.6216098611336 49.837465450593 91.3266241053297 0.501801720220286 0.731754314112958 0.461227338043937 -0.63070562384708 -0.0553752159324807 0.774043927375415 -0.493978975005934 -0.195454187969691 0.102929987594155 0.167365247590902 -0.127968276119064 0.384007408059712
-43.756351964667 49.0476725053484 90.1643141709994 -0.364265819902765 -0.140151678984006 -0.920688828718942 0.298744913170067 -0.953950471900662 0.0270180312728355 0.0622292081295097 -0.0767765269445301 -0.148611593430426 0.401899613431716 -0.563295159777404 -0.134703220424823
-43.8882047289356 48.5129674314813 90.1397787010605 0.364382350535343 0.120699826453157 -0.923394311500467 0.330010675179896 -0.943952425279365 0.00683908438004546 -0.484836367098795 0.214588383956619 -0.68718216639266 0.0370459801864225 -0.00219481286970847 0.240649085135907
-44.0191371425712 48.052878587641 90.0238988583018 0.944388567854163 0.233101459385459 -0.231935211939107 0.274800776417504 -0.946827390622255 0.167339253153868 -0.048907071618288 0.372177674957356 -0.0447121076552622 -0.211662653975832 0.158809958661942 -0.0862393614168964
-44.7221421148973 47.278053252693 90.9738097829005 -0.502659931804194 -0.665402579869114 0.551880783921267 0.589163510921996 -0.730857576205122 -0.344577365334564 -0.782352865973152 0.618147981152453 -0.437000996557664 0.777391061211716 -0.163955807813156 0.00938719729568191
-44.4290456707503 46.8834166997119 91.0049047519091 -0.907899708282583 -0.404560500643546 -0.109767577271162 0.418550598834602 -0.860459801270323 -0.290558645739092 -0.0490565537334427 0.178800373828252 0.122850975963548 -0.225649325637341 -0.564239003011079 0.228259442346589
