t = 400000000
b = 100 100 100
E = 0.227734420439537 0.0548306035602289 0.172903816879308
-278.815126127165 -210.002902656085 -82.1505974286002 -0.367813343104344 -0.663009266285819 0.652021516099922 -0.382781284342471 -0.531062709635873 -0.755943706101644 -0.297245113652932 0.194953474171704 0.408840602720659 0.133973819923543 0.384008918191068 -0.540961263689966
-278.671873789661 -209.297863330496 -82.1361632370601 -0.121870764748503 -0.814948414959325 0.566574441408258 0.253240114079895 -0.577467614798669 -0.776144702024749 -0.337374254084057 0.212934182968242 -0.126207524087065 -0.377784528056569 0.71779862024013 -0.319824651997388
-279.555225605226 -209.154599428824 -82.1371964218959 -0.395786236697097 -0.663643099365635 0.634768533803016 -0.356089100100932 0.748036536873878 0.560037402582909 -0.0269754518294416 0.319799744002206 0.143141981950022 0.334114866956595 -0.0503739780152263 0.0502938692778303
-279.976760341549 -208.75035061387 -82.9937635683944 -0.951397165958891 -0.0555572614034483 0.302913887609384 0.0113218860075915 -0.989238149969642 -0.145875623518391 0.22425731223957 -0.238152883939219 -0.778956851778998 -0.334371638377471 -0.155622105559455 0.388934216200733
-280.483205594593 -208.484144322295 -83.1798406313357 -0.899852070008135 -0.420237529896495 -0.116904536100286 -0.140585046404967 0.0257027094322027 0.989734921810017 0.0691224584868228 -0.266833952617726 -0.629061602259932 0.538650599017723 -0.296676743805552 0.0195263952153862
-280.653689765995 -207.592952407631 -83.0408885914294 0.0423834276169868 0.535533218698419 -0.843449949161037 -0.469458564383982 -0.73453328212038 -0.489968890635059 0.289670389315178 -0.232242876284235 0.0603227553730555 -0.216299774412397 0.0528969384539128 -0.0896854663597775
-281.030618421534 -207.464890584574 -81.8308077627209 0.546214759358717 0.10703537189836 0.830778469769358 -0.726971731132428 -0.432135055004756 0.533639762746358 0.0531106003136911 -0.0835689358840761 0.0291825452599906 0.456725958933269 0.0316919755471909 0.595834279014398
-281.886025125754 -207.144771415112 -81.7765360975529 0.0521609917358044 -0.137924369058382 0.989068298633688 0.907643515241107 -0.406511535750187 -0.104554390352875 -0.246421096649925 -0.208365123806757 -0.38672092459445 0.637240737875403 -0.00178097955444711 0.203528323009741
-282.721310127378 -207.088318669318 -82.3781690608002 -0.42476526442754 0.148316871133087 -0.893071428204353 -0.217447776988945 -0.974324040053352 -0.0583877492342759 0.0105595161840041 -0.264283348696014 0.366681891311238 0.344969911627688 -0.208637293212795 -0.245173191538329
-283.551742009262 -206.999377381967 -82.4327674023602 -0.619530216798855 0.739036459243709 -0.264589157702383 0.711868724143552 0.670998947454704 0.20737244776918 -0.141152903341467 -0.365910343936604 -0.558250818344661 0.078496327905458 0.265291470698386 0.603673347073873
-283.545100621916 -206.924743371269 -81.9562753708301 0.930788939420406 0.181751325896531 -0.317172517390798 0.146640893432821 -0.980413773210309 -0.131473501793678 0.326098952534269 -0.150920896919791 -0.106394268161256 -0.568071122516902 -0.000573467133827921 0.603676924226902
-283.81860637045 -207.545986030393 -81.2435419983138 0.845653186317971 -0.0280232603374148 0.532996609136261 0.461610617921039 0.539700500021015 -0.704016340506075 -0.340495837093992 -0.0559649923207789 0.279843586568832 -0.103109329628058 -0.0287849799164372 -0.0670468033293985
-284.855507655614 -208.011885846012 -80.9639684634102 -0.879911765800443 0.369747297025356 0.298399431540322 -0.448378560430542 -0.853961039538094 -0.264021229242318 -0.377982470632575 0.0211725976828986 0.17426907480895 -0.347169703344803 -0.688845784331389 0.0908645937612712
-284.116846827291 -208.423681292095 -80.7639347342375 0.193034107906711 -0.200650250942199 -0.960456823591995 -0.835568721167202 -0.546754114078789 -0.053710808466348 -0.367022810939759 -0.0700661913021257 -0.383753908158378 -0.369232889231228 -0.0579329051133192 -0.198714329983971
-284.358314958766 -207.902094273005 -80.2416623035988 -0.638093153043956 0.0471770590829678 -0.768512493808688 0.769700990141737 0.013238333904246 -0.638267289069289 -0.049129672461628 -0.253783668374852 -0.158905459039862 0.516272374940221 0.752159076650191 0.097328485397372
-284.168241463756 -207.00711211862 -79.6498773432986 0.118539077303046 0.855278023524288 -0.504428379089634 0.422814784646363 0.41617478597567 0.805000748698005 0.200880941978871 -0.195510740702338 0.29754175935797 0.0673008820635651 0.566765091919019 -0.174960586315494
-284.118315089234 -206.824374909866 -79.5474129194553 -0.638746443594915 -0.4265992088951 -0.640324992299023 0.765632320180543 -0.434853295475175 -0.474035612277414 0.247660179692635 -0.083621150251691 0.0273953877005387 -0.313975204957474 -0.0117387761177488 0.143644952604985
-283.192635418582 -206.163139091598 -78.4810386286558 0.893401841970268 0.435561373332508 0.110088322865994 0.406681623148165 -0.888201657517593 0.2137939966123 -0.344014734788224 -0.279342589134672 0.780664569606454 -0.218915431962828 0.555968677367915 0.0421012874593117
-283.361133628039 -206.701599860174 -77.9029328453914 0.392581511870733 0.729591776431136 0.559978210561599 -0.764630818288352 0.597261741692891 -0.242111799873847 0.10147765505991 -0.0319535939777986 0.144805098828248 0.1762937799124 0.0334144605229486 -0.137208539898715
-284.161352262235 -207.002057951898 -78.4129680216784 0.0002354202589848 -0.873243122318617 -0.487284715434571 0.0121070852606507 -0.487246525195652 0.873180532403568 -0.480522387944693 -0.469444039265502 0.140763664260641 0.267724422969934 0.18738232285325 -0.115598756729431
-284.788954769943 -207.048673636086 -78.1480244420143 0.333306935487052 -0.931835791627137 0.143487087221439 0.675436165012554 0.129819080753563 -0.725901503831909 0.846322527951969 -0.503303413038973 0.531930900524253 -0.122675002668879 -0.204671472215476 0.484069051350738
-285.7748016451 -206.389381632522 -77.7232428508437 -0.698166973848101 -0.396029420459906 0.596425665750442 -0.649731415578064 0.70037067994722 -0.295516494111621 -0.0971769595399672 0.286028249587159 0.144741961627778 0.411395859689597 0.160215591766226 -0.0644239794899379
-284.916644554593 -206.020141542523 -77.4240198757234 0.251323343766777 0.898652138596786 -0.359528734140152 -0.880862839134096 0.0584111940284279 -0.469753968631017 0.191745858595057 0.0795785646065485 0.534366190381676 -0.410712106569208 0.0617056242016413 0.600455473978367
-284.881546074471 -206.196404483585 -76.6597687144332 -0.692642239113803 -0.690064813487071 0.209898265331972 0.452697273819707 -0.642461025073845 -0.618311417931431 0.228869918479412 0.288861383158169 0.000146881320711683 -0.135134470654955 -0.0151033367078546 -0.213391050129422
-285.132144100139 -205.49863487384 -76.6196236733303 0.238915574454312 0.724375605147435 -0.646683331273992 -0.760189576564066 -0.274837906721167 -0.588707000731895 0.0575851716993967 0.0739411446819883 -0.452814374791375 -0.204284330183685 -0.425828185136858 0.134195652803771
-286.214096556247 -205.480436185953 -76.2082691065891 -0.323830372917098 0.744006028148869 0.584456088730745 0.848289227450503 0.501882190506329 -0.168877628608228 -0.47529338468854 0.20001099127512 0.24004925184224 0.158236830213729 0.71480804335459 0.109477532460228
-285.903837096149 -204.627609465933 -76.4075475840329 0.0828839193526131 0.960938776440807 -0.26405856139422 0.990290233952768 -0.0497447002651206 0.129810312902551 0.295225541675868 0.465915777153897 0.457162324735284 0.0301024567715616 0.193028200470163 0.15933445469906
-285.404854539304 -204.305167700797 -75.8035897685741 0.807551649319708 0.252600922000407 0.532966329042153 0.423809953688859 0.379918129213473 -0.822220978968673 -0.313453000191447 0.160600126027279 -0.281070922986982 -0.25498920555198 -0.262070593780844 -0.240920944656878
-285.145619265369 -204.408664863858 -77.0156938171439 0.235908482877341 -0.664115566155857 -0.70943477677884 -0.658199748416733 -0.646281789696253 0.38612554888082 0.0600435074866998 -0.526421189962166 0.11864568878191 -0.15650298964102 -0.174721093084167 -0.145962546854177
-285.185489806684 -203.978997430468 -76.0441246291887 0.559857524653703 -0.767957649117173 0.311127949959416 0.650493073424353 0.639946937903275 0.409055837374998 0.254391313276287 0.141132718247756 0.359854259804653 0.341690599576901 0.0409759271455926 0.135352907801671
-285.680716205401 -203.265727439896 -76.787822419729 0.369627677004897 -0.288869299985697 -0.883136403913681 0.929175831437779 0.117741695951233 0.350384313728993 -0.16263786741232 0.271942661028504 -0.618297563595997 6.00622299828909e-05 -0.0483165350754533 0.12967499729798
-286.344321153957 -202.890276331407 -76.5749250502966 0.173325316450485 0.564268451630158 0.80719232477623 0.217395959393702 -0.821300832710468 0.527450413818836 -0.133073866491633 -0.273842573707453 -0.0358962380599288 -0.0784926587507191 -0.0400376545745529 0.67526039592125
-286.037610274851 -202.543381624575 -76.9360342874522 -0.176150476015966 0.480611297672929 0.859059829318531 -0.984351871627995 -0.0818074925781525 -0.156073466610222 -0.161541816654021 0.277409430858443 0.265764135612869 0.0413097236120836 -0.0242296702732065 0.190664991426752
-286.341330763812 -201.67648781094 -77.0019718344912 -0.318473289091617 0.906915098826689 0.275825610948133 0.0436591106804377 -0.276634108736692 0.959983047735281 0.108856440191396 0.338321929357245 0.0806935723609147 -0.844548003335823 0.487437593985337 0.102564830155014
-286.972813943481 -201.656492196031 -77.2662555507818 -0.30800181694646 0.609029905773907 0.730901809158775 -0.949926458025465 -0.239400020254753 -0.200816719044322 0.27914710950808 -0.0626302631199831 0.00248277855402647 -0.0863747703341754 0.103762747749658 -0.549113294099781
-286.958819927059 -201.360493797769 -77.4725435769699 0.795951368589032 0.0521876077726667 0.603106849937127 -0.113199090472934 0.991534933792105 0.0635959196478009 0.00597994074991775 0.117876185492197 0.0191609955070024 0.406604204676646 -0.313562510584777 0.242237106919618
-288.199795473598 -201.658457717751 -77.9813954315296 -0.577101084701629 0.351694519664285 -0.737065331480758 -0.816462891721631 -0.22800306421047 0.530474268130647 0.256456081003834 -0.391392036761524 -0.101953018808312 0.457548279465628 0.110606602424755 -0.323745816375177
-288.190552855646 -202.582778719711 -77.349264075263 -0.118488628884845 -0.792646271020805 -0.598057132609808 0.94767188395865 -0.270086675914216 0.170209247247317 0.260474954356001 0.143196470422055 -0.156184633169168 0.285186818821266 -0.116673997137644 0.203665251260739
-289.068110689373 -201.753942486623 -76.9445084950983 -0.643844128133972 0.440749235925154 0.625463707737541 0.276428209313541 -0.628239528845256 0.727256859362601 0.191457410871327 0.53927465632411 0.0232851199538454 0.0459430585279633 0.102152840098986 0.0137569490762112
-289.482843540816 -201.233156048126 -77.0086038672483 -0.479382638276621 0.510401094061981 0.713920870471159 0.830097731425519 -0.000314604276768909 0.557617841628301 -0.482540245200922 0.102741896674831 -0.066579680749713 0.613886429864741 -0.218327668634159 0.228380181777702
-288.96904465961 -200.978283500455 -77.4046434067828 0.0328443746638747 -0.231437740374197 0.972295129774192 0.40407967337167 0.892842719339707 0.198875579406838 -0.329446725676462 0.317022910013049 0.35759056404952 -0.242422157404967 0.198847974564627 0.0270378122237494
-289.234350463309 -201.68313142392 -78.1668456368073 -0.127437203345012 -0.880195516196432 0.457182253019375 0.974194471806743 -0.197654635089935 -0.108985211545485 0.431195830953689 -0.839391906959467 -0.276763514267572 0.287887754956219 0.301336362471442 -0.145269101610223
-289.221241762012 -201.437152994829 -79.0735624753347 0.361835026233505 0.821412908228486 -0.440858535124388 0.932228029804135 -0.321415766298152 0.166261257148124 -0.50424816978375 0.218141978556295 -0.189793527983299 -0.211621509746377 -0.155756489648408 -0.539583731115392
-289.810859731084 -201.890203417889 -79.0846809492355 -0.0895636212902921 0.938927174905426 0.332256102977989 -0.981170539141911 -0.140493588919153 0.132536502874118 -0.665823489201821 0.589068863415512 0.573594298504112 -0.410821377605799 0.563550812873074 0.270798019884508
-289.685252655052 -202.56408997271 -79.9975543871253 -0.576599554712063 -0.755916422684739 -0.310037603231688 -0.00396353360474523 -0.376878069456711 0.926254398725931 0.260788107616859 0.0421181230544836 -0.233083496272545 0.451225764267499 0.495497415003977 -0.349840758023896
-289.089698861099 -202.937502060571 -80.466537221779 0.0231565424151087 0.0689147932574773 -0.997353761618964 -0.778863458705376 -0.624199102192467 -0.0612143244907551 0.158622417648861 0.581266734604717 -0.141411399128635 0.24121238975213 0.411045487753566 0.151049594068497
-289.650532409944 -203.760010625262 -80.624512929275 -0.494236886962575 -0.841590720992434 -0.217841589009031 -0.753552970114711 0.539693351212389 -0.375351845454233 -0.192799283560606 0.411315986681972 0.507776718722337 0.56154539778578 0.0256546606696013 -0.175014865742391
-289.617577366336 -203.784167452267 -79.9068342916599 -0.633013370371157 0.604145720076145 0.484047540889074 0.0557433730504002 0.659219477996003 -0.74988156144021 -0.350156615659844 -0.13024323922887 0.178914426852899 0.212455351176182 0.357694026955314 -0.895156413296552
-288.887345675833 -203.607031089139 -79.7296492862957 0.61083063799919 0.0508859979177589 -0.790124386982253 -0.736817891416612 -0.328732041611694 -0.59079153659633 0.00947913994961784 -0.00966312843695036 0.224481425508131 0.574282045930056 -0.39767858266105 -0.205893086662659
-290.263517172233 -203.789256676553 -79.1466766850576 -0.926923957120237 0.269450125309147 0.261167776891371 0.0442085960474532 -0.612724743165883 0.789058926280651 0.524935328926441 0.358582548813315 -0.199011070652546 -0.0358018479852054 0.271944065941174 0.167972328395854
-289.765516629139 -204.36926838116 -79.3132307986754 0.270301614945522 0.263341350741666 -0.92606067293611 0.0227874046676328 0.959846096278557 0.27960008166329 -0.0835222908500359 -0.562889814689588 0.111197633173093 -0.0385504339346602 0.446386842309168 0.0826189306249878
-289.761793239342 -203.640491086509 -78.5122148306982 -0.452848054525543 0.834671414640004 -0.31345217990487 -0.805025139098571 -0.231667872292853 0.546135992552949 -0.313025675931003 -0.328359214771895 -0.703930911596006 -0.16010227682116 -0.0191211140544329 -0.253058429044052
-289.656552121334 -203.723898207877 -77.3262727237819 -0.325388029375862 0.648532677796688 0.688133705155349 -0.327605663914738 0.605344939396261 -0.72541852286818 -0.0145604944567195 -0.222633952793959 -0.482641150183936 -0.202006865790704 0.28184385924185 0.271252056479091
-290.077169103199 -204.815224370975 -77.1095363907393 -0.0401389766923332 -0.979646934495184 0.196674213589964 0.498634606669315 -0.190210525008203 -0.845685216384226 0.705130778223351 0.628400550913929 0.236790699663322 0.130602413517039 0.35791478782764 0.295827758692402
-289.63367810672 -204.181961873946 -76.6350290735109 0.333022026718237 0.869405232992418 -0.365008041770724 -0.130865840677088 -0.340741973961901 -0.931004317347924 -0.187813073578805 0.0721946525807245 0.265619342672482 -0.0403402846847675 -0.053810602200633 -0.134592714056071
-289.548045072727 -205.425041966886 -77.1735189634437 0.0604185328329072 -0.571050661739633 -0.818688428290417 -0.965937824971957 0.173305970783816 -0.19216960940859 0.23841828813218 0.408859870124913 -0.290327327284869 0.295112588055814 0.194828422525796 -0.201499971133849
-289.919454186468 -205.546581449139 -76.525875342884 -0.691766376767927 0.283010260960941 -0.664352671529716 -0.45852916274386 0.538580535561258 0.706881895109694 -0.0957647661305137 0.123432569181038 0.439550984576173 -0.366290312089143 0.689977845484124 0.553527063104965
-289.070829716938 -204.840808627566 -75.7883523734604 0.510853358861972 0.527952242727866 0.678450643113347 0.813028114169481 -0.553127016104847 -0.181757502269508 0.0522118966931333 -0.154879110206426 0.46619378824868 0.273641793378818 -0.434998284441031 -0.0496861552317995
-288.723143238453 -204.23937150582 -76.5731886591344 0.756844046748293 0.539631592191076 -0.368761214888298 -0.626090945789291 0.436631076502812 -0.646036709969966 0.0290148066819893 0.17257630348754 -0.298842776705063 0.349042302047882 -0.330544404712412 -0.145778777811704
-288.264869926347 -204.981214646113 -76.2112126124237 0.106903860178131 -0.959146199363579 -0.261935360201039 0.969846747297584 0.158626010418397 -0.18502722926938 -0.258475154851469 -0.271549005886655 -0.179422867657886 -0.0797756722395149 -0.147891822522595 0.0530647657801072
-287.665457536379 -204.290718396623 -75.6704962129245 -0.00624998523276878 0.966622152896884 0.256129949862766 0.210109583345192 0.251686641978108 -0.944726308111309 0.327722320512739 0.793046830004376 -0.659513793201444 0.053540665794155 -0.732141351250371 0.380270244730982
-287.273133816882 -204.124877714805 -75.9974850423068 -0.254992739360979 -0.0723377945417267 -0.964233346422687 -0.447676722791903 -0.875052169209148 0.184036010143437 -0.810994992827113 -0.158763692123948 0.0260768309901932 0.331428915644424 0.153952425643779 0.460519831457103
-286.678716533479 -204.309149038608 -75.6691708445701 -0.467944167649751 -0.480793680917263 -0.741529292978115 0.883678813523366 -0.243320136568273 -0.39988381520445 0.376967537325703 -0.2325267459187 0.361139020997961 -0.226863667450346 0.173986129020408 -0.326255866010826
-286.737450564253 -204.907561823948 -74.7188997505764 -0.88792220765398 -0.173921523458267 0.425846752760215 -0.453366562264245 0.174304288420071 -0.874114852440647 0.204443644816123 -0.260009500921793 0.026874376559022 0.226108368596924 0.286870737639438 -0.26555258015032
-285.840468787806 -204.915090924684 -74.4135090675388 -0.186202254178088 0.854249144078655 0.48537317641698 0.668677200657918 -0.251768358179688 0.699630970685855 -0.0485620478125087 0.577553884270708 0.295542939626007 -0.0148509708402896 0.40633545772152 -0.175332263193632
-285.668221127332 -204.522679767234 -73.8495668082145 -0.106685557311429 0.985562791489961 0.131469296395665 -0.000499864376472536 0.132170743256549 -0.991226838196597 0.403004056910916 0.037840646876968 -0.166856709610899 -0.0598744754055429 -0.464325957903653 0.517164443643626
-285.560262198268 -205.580073803009 -74.1621502122699 -0.898665792786136 -0.418078078800708 -0.132704607720287 0.0349650127069168 -0.369856503208607 0.928430727047856 -0.242507359657861 -0.529092332350696 0.07470586226671 -0.727597969617489 0.254784468010606 0.148254712415668
-284.808390404741 -204.513519675505 -73.6578507848449 0.406701517316498 0.894203388545212 -0.187067302702865 -0.459878949980952 0.377322806787466 0.803827625086192 0.41795525989997 -0.159887718133423 0.279944161443481 0.287308414314394 0.540979403061736 -0.880872130762989
-285.40837403218 -205.725156563257 -73.4214871879347 -0.803857951748391 -0.45685948761752 -0.380909178134243 -0.507650732704937 0.860678061536766 0.0390385447584408 0.130088831363988 0.202867834149872 -0.152473111209289 -0.120242304737131 0.0681664202902218 -0.429768800384215
-285.589208015838 -204.717759530677 -72.8929971451923 -0.293099439384667 0.868710654711767 -0.399292520615629 0.411024604002554 -0.262581030751246 -0.872989104854152 0.446445239535845 0.744241355679015 -0.0327585543241574 -0.851159901463896 -0.356974784191215 -0.559728525519533
-286.182356822261 -205.552906807464 -72.46256837129 -0.721681201274183 -0.303336441385762 -0.622224434629005 0.268607892431776 -0.951157294932417 0.152149927410903 0.658901895229485 0.4941548531848 -0.296946353912636 0.0662012705226056 -0.389984267567475 -0.107690276037774
-286.060081801206 -206.230694825584 -71.5751708509972 -0.822426453806703 -0.509146019236043 0.253742111557603 -0.535620147856719 0.542793331774842 -0.646905291516289 0.624735622575018 -0.440651171188787 0.134598337933524 0.466301585886702 -0.172877265255098 -0.173032592206683
-285.267156995252 -206.31515636004 -71.7474950977941 0.380475452744824 0.69791482144111 -0.6067564024135 0.559997098617171 0.348264278680533 0.751741472671524 -0.41391115900707 -0.0746591264236892 0.0631651924126223 0.157443692296327 -0.475593911013868 0.411291794313683
-285.749949931468 -206.44233621338 -70.7873367937921 -0.929645751893568 -0.230842377200071 -0.287176901701469 0.143507284667871 0.49101155531118 -0.85925159981732 -0.472647901924292 0.392219644336748 -0.17295494347875 0.729219162351466 -0.205440854614004 0.312386018555803
-285.100390652546 -206.996861293218 -70.0418207646392 -0.460272245049256 -0.224656685806724 0.858882316717427 -0.859127293886181 0.356511055828383 -0.367151412884966 0.2754578676085 0.433203027089337 -0.143897604432425 0.134057613180331 0.457231820248976 -0.385112589641247
-284.703104410832 -207.426978606673 -70.589459975359 0.740553936182819 0.534235236130672 -0.40764271130654 0.65959359897583 -0.693882344043767 0.288900634848072 -0.39475157715232 -0.288055928096522 0.0607259362907846 0.241715447484232 -0.665230224591224 -0.161627698350134
-284.674651177892 -208.426083500321 -69.9886614730341 0.583764827678788 -0.0963944055042915 0.806180342447207 -0.738010497281399 -0.476918553495695 0.477377418014024 0.531753611478834 -0.224065710676509 0.314241653532947 0.198664798819128 0.00337339759847321 -0.018769874866467
-283.98904092159 -209.081354376649 -70.4719228025723 0.810081552406211 -0.578190848718748 0.0972790877547623 0.080959230112866 -0.0540196608750668 -0.995252470130137 0.0199675072016874 0.295774278822026 -0.528746768300171 0.0669341065281878 -0.432859512342836 -0.240504104475933
-283.727189827841 -208.684558368461 -71.0816943901883 0.622257554457104 0.750201018390098 0.223593309225699 -0.309089321125924 0.49787977838405 -0.810295944604892 -0.419311566563006 -0.40863700565667 0.0510908918726365 -0.28905319312767 -0.465794829890482 0.496144551966071
-283.92521007615 -209.684506817548 -70.8836647098046 0.95018133631882 -0.241738008922685 0.19676931455348 -0.159156197650257 0.166507128713153 0.973110826593343 -0.485990964744083 -0.0609922004617225 -0.503596582369278 -0.00895596710769148 -0.111090260873691 0.425638027865741
-283.888407629459 -209.672440041738 -71.666646276779 -0.619722378042867 -0.0394753043421105 -0.783827707158369 0.64661754529867 -0.591693492892406 -0.481440090345478 0.287557074318022 -0.0633124268326803 0.127302602460739 -0.170879310336721 -0.642932516344905 0.429881560247884
-283.442244817094 -209.863488049766 -71.7697862501453 -0.956296720473326 0.140214857916822 -0.256586001242425 0.108203368959291 0.984926391123679 0.134951972993161 0.30023000301927 -0.439786727601795 -0.15571284768331 0.223140188214472 -0.0587355598414092 -0.34455353665061
-282.75320773878 -209.001018603805 -71.1363470622596 0.423303160070338 0.531044106306418 0.734034462291901 0.903985246181189 -0.301413596961296 -0.303249927045678 -0.220730040536282 -0.447104415350625 -0.647030611610293 0.484860370628406 -0.461164686909539 0.0616596189998789
-282.797738988185 -208.763354896441 -72.4357867855449 -0.105685390107537 -0.0545355635329049 -0.992903051979194 0.854676583960704 0.50540151580452 -0.118731818208487 -0.353632774873563 0.137012505672565 -0.779880481166413 -0.04388789892637 -0.191058570077131 0.590602531370836
-281.786346627894 -208.348667069983 -71.4806151566836 0.861939509438347 0.506278213741694 -0.0272516488216891 -0.304964027189407 0.474762432456303 -0.825589228884844 0.29845317684569 -0.162227310597024 0.159173888384039 -0.289218779544494 0.199930590671449 0.0516267154210376
-281.57086677609 -208.890189324874 -71.1511415603266 -0.134807375889304 -0.487504007596716 0.862651038363337 -0.208935708721205 0.865008858734136 0.456185865564352 -0.667517900091816 0.201966879949868 0.346347286074466 -0.0124476284840568 -0.000722771307982589 -0.367031182650132
-281.80965217922 -209.56812431821 -72.0212964735829 -0.693586691524093 -0.314836470202092 -0.647931708107159 0.456849920771942 -0.887669605175829 -0.0577132734877479 -0.0583537574944264 0.2171922240014 -0.394662942228891 0.00689746967617999 0.199966948347052 -0.122059957897221
-280.891870073437 -209.253322307379 -70.8804916659147 0.330686828725598 0.147833985019491 0.932089767233641 0.548979380526149 0.773224592583129 -0.317404110223372 0.277960631750081 -0.487225833230072 -0.0557358303666416 -0.0177682505148483 0.755250331893805 -0.324853011702185
-280.433906731387 -208.680434488234 -71.9111532832762 0.229653437244747 0.859234354047477 -0.457138516853642 0.963059886309635 -0.13275401896486 0.234290473199947 -0.0992858151331069 0.602988351514114 0.240941410869209 -0.128141487337193 -0.202903967038603 -0.0121008209334487
-280.247045754913 -208.197003859659 -70.9664417604971 0.254272949332471 0.760737629012307 0.59717964386499 -0.484078793508493 -0.434449135662397 0.759553599294006 -0.558126984961168 -0.00699730072775338 -0.0727811645416767 -0.56438626844867 0.192574483927807 0.130420523414859
-281.201527194393 -207.992857936156 -71.7589479122749 -0.701399142889412 0.7090450117565 -0.0727627216432343 0.69613424408732 0.659525358441344 -0.283590225123221 -0.216338522515005 -0.0580820443747535 0.380210529090218 -0.61777218488999 0.333538893862637 -0.422000403291148
-281.356990978129 -208.145914554776 -72.6273498470613 0.310901696769872 -0.301156978536023 -0.901468030062754 -0.914819305242209 0.162416547732758 -0.369765471320326 0.351758655073066 0.0100573924369156 -0.494802955865443 0.264010840835662 0.647516602697254 -0.0706820461934483
-280.942564172385 -207.576926666028 -71.9951258346444 -0.464143173063638 0.439536828485652 0.769011372674558 0.422272196388416 0.872984725839838 -0.244098055313454 -0.263680394045565 -0.439340782550607 -0.483282665728635 0.390226369839537 0.309949031093208 0.607510799351198
-280.267913633131 -207.328627666129 -72.0862424444402 0.418169513945324 -0.210030814730071 -0.883754102944026 0.577453876265728 -0.689550059927144 0.437112955243422 0.217547509703544 -0.557107883487508 0.258443556622822 -0.719957041576827 0.419370069837627 -0.497461530884639
-280.523427335991 -207.327190692811 -71.1460448147717 0.920483321888429 -0.364727810143432 0.140299959504029 0.0535447261435437 0.473352802268887 0.879244042850542 0.257035996470211 -0.493023120122499 0.434394555127355 -0.613897722818443 0.11985502691932 -0.0697388296980258
-280.079577578274 -207.157795789159 -70.3913854429789 0.845001768206013 -0.0413613856171702 0.533161558544854 0.36511781462726 0.773072668270236 -0.518698015244587 -0.623329659423922 -0.0424884882981029 0.31912337171568 -0.216368494163359 0.0296683102837512 -0.309787188535988
-280.429846868671 -206.484700739014 -71.5589177076676 -0.531667380541835 0.503646907581661 -0.680932881380825 0.0744688814591135 -0.773066979571042 -0.629937957884765 0.358514912872257 0.178787208130295 -0.165664129765041 -0.261921862502058 0.162995955307849 0.0163354564799792
-279.290493724356 -206.021203105876 -71.2642450397509 0.840927329670219 0.521253731491168 0.145381476197595 -0.510156325431038 0.853234041429546 -0.108315253642993 0.365438901347519 -0.223090437240496 0.0220577750692621 0.0850980365878712 0.285333382272405 0.00988080676544084
-278.586541072598 -206.397076022914 -71.3944648565833 0.946572103739697 -0.206614441169546 0.2476120455938 0.0680629164775835 0.878505636620055 0.472858631965914 -0.245122815736347 0.00444478217967343 -0.393408550116417 0.685074612535645 -0.149547316003655 0.0289707852510263
-278.955021619506 -206.085046188812 -72.1047691359199 0.942948487910032 0.329508367209043 -0.0476695404747175 -0.174570712731283 0.367406842001862 -0.913530119207524 0.587380385125634 0.479791855733424 0.140009938939412 -0.0723062870763226 -0.0677923159021076 -0.0419453158982884
