t = 20000000
b = 20 20 20
E = -0.858095854576014 -0.982660337724682 0.124564483148668
98.6712996768966 -50.0735049408595 -56.1720370202637 -0.889642190978055 0.349041147935299 -0.29446060700774 0.451656891585467 0.76771143958388 -0.454560444622275 -0.0819765263434271 -0.332355073346845 -0.176580079686762 -0.0438316984628953 0.21447404558287 0.131632742309113
98.7682524946696 -49.91845776771 -56.5806512359875 -0.443541048025179 0.660451677190933 0.605867081802818 0.491644229076326 0.744506057084428 -0.451659919608066 -0.165098051293989 0.142586551926762 -0.167529117244467 0.266741781649661 -0.0289739367811595 -0.456055637898187
98.7621630542882 -49.5043878282032 -56.866083538566 0.337854519026531 0.171155907122054 0.925505256295754 0.725265479847258 0.579377437541559 -0.37190290212585 -0.21177891559512 0.214005339025008 0.117327951112353 -0.0150545258644414 -0.109920872623209 -0.672457399629612
99.0309631793967 -49.0289737955825 -56.8949428835886 0.507451729176723 -0.594087787961449 0.624141364397352 0.855541943154578 0.43367474105519 -0.282797104785994 0.238492584283724 -0.135906605441842 -0.168599414979482 -0.41888062137469 -0.470171902501526 -0.269481315243716
99.5088147769034 -48.7584385960927 -56.8860337761212 0.213115085680501 -0.914999546371017 0.342575233190221 0.976936537266324 0.194792748482312 -0.0874687789520833 0.334434423106876 0.204626875770537 -0.115664476430039 -0.250433437578186 -0.40690995197889 -0.20844457350907
100.049368499298 -48.7051798129216 -56.6904025311451 0.0437215271775898 -0.869363257444382 -0.492235669843658 0.947623362043705 0.192121458085609 -0.255145662419258 -0.10980065554677 0.117842051819135 -0.0176712067691527 -0.467770779178271 -0.266008138357955 -0.338367026472384
100.55674435597 -48.7869394950033 -56.6274103700506 -0.21200889994605 -0.283642958840487 -0.935199924210047 0.895083184397776 0.327760355182361 -0.302323076488584 0.167003253235025 0.171916545941626 -0.186868239646835 -0.221100454275094 -0.449245041754144 -0.46765282197227
101.004761578497 -48.9096698606746 -56.8144147353093 -0.350947266474543 0.460171803756243 -0.815523100336827 0.889043194065389 0.437189861127073 -0.135894166224089 0.270694990769889 0.282056560359687 -0.153562304468542 0.401689523109375 0.234106626790767 0.156405199068223
101.420708850459 -48.8397372868292 -57.1700208313383 -0.557459762925723 0.824694639686749 -0.095484888807492 0.822111450646091 0.532342907481996 -0.201850914217093 -0.130369116485686 -0.0861274443798902 -0.414335624735167 -0.0775639776410784 0.149505046017057 0.485956705465422
101.627140576592 -48.5282315750104 -57.558124561864 -0.200071140688209 0.639072788004456 0.742669179577903 0.86388662291028 0.472672848538142 -0.174012301320999 0.102257488338169 -0.283550300978304 0.227208027394018 -0.0467024634912648 0.183016189453041 -0.205574053053022
101.844117000742 -48.1535821480629 -57.6923728105631 0.289070122689393 -0.0946168517928592 0.952620656675739 0.751882351114974 0.638380811544642 -0.16475093181292 0.00552528406334253 0.162475508252908 0.500270638078561 0.39893243417557 0.185567770428441 0.0363909667403497
101.990411723372 -47.7549314317732 -57.5489283002683 0.541076792270203 -0.525016166352599 0.656958088416223 0.7593079076181 0.640797099831682 -0.113272142543372 0.309539868009478 -0.247247519468374 -0.42413059780699 -0.294544609439817 0.159014532525832 -0.236994594508575
102.354882908258 -47.3608169880046 -57.3976496401009 0.560335089783597 -0.782794045058255 0.270662280669417 0.813427876294334 0.58166320034977 -0.00173534572767192 0.0514221121551206 0.373932439791424 0.185170363373852 0.0570945362222924 0.00520260549708868 0.0859733924001527
102.725726583655 -47.1888587866619 -57.1154433213121 0.541953054494417 -0.591588534892197 -0.596916989293441 0.795025929379469 0.59114322896425 0.135953868879662 0.381896001205275 0.337817515643035 -0.0524277742545742 0.154003356633527 -0.0415499003875102 -0.0464928177431799
103.014039902603 -46.3105165922797 -57.1738220042378 -0.195706386274731 0.603789323520168 -0.772746700526225 -0.0997990473946126 0.771630851895564 0.628192628531848 0.41179815366473 0.448836505621078 0.0485789554174904 -0.0671551541273864 0.293636428757278 -0.788519116167393
103.273824154567 -45.8951880818536 -57.0880931591335 -0.966519858788978 0.146012109723973 -0.210997218892625 -0.0543192285456225 0.68723918339466 0.724397491863111 0.267219479422599 -0.0536789942804642 0.150427197757875 0.463929999184152 0.1558403579873 0.220939791296633
103.072874051832 -46.0581020959065 -56.1454561427038 -0.612441349112267 -0.645637384362858 0.456144672017401 0.227992958276117 0.408239560154125 0.883945514441206 0.619638458067901 -0.116654852427974 0.170205269482351 -0.308520467739547 0.0224661800235211 -0.0904727786831164
102.875954929865 -45.8327308490588 -55.7410768166797 0.132648243020932 -0.949047613713149 0.285854981641169 0.293417560922563 0.313076374704111 0.90326591795795 -0.152720826146083 0.212859967774198 0.0589410568259785 0.341946745925563 -0.0215655903944155 0.377111341961654
102.716991051522 -45.9169801309996 -55.3488508523161 0.980564548167544 -0.188049875256249 -0.05595007856925 0.135125178330021 0.440536724157976 0.887506946929591 -0.0209078179785255 -0.052232479688681 0.760930364707377 -0.20598125511434 0.234809235868851 0.0395174858484232
102.909400169452 -45.9947981253813 -54.9777257989397 0.654700942985228 0.708586102450594 -0.263196524803098 -0.177528024083307 0.482596847391116 0.857661986771984 -0.0453849565256155 0.326560585159444 0.220299829980641 0.0456729025302901 0.200510269863055 -0.261325991137747
