t = 20000000
b = 100 100 100
E = -0.733011440264187 -0.874931390708156 0.141919950443969
-43.4646381752298 81.2367657058808 73.970911672502 0.447253483525925 0.53836689728471 -0.714230638787924 -0.888373062757446 0.360000397472341 -0.284943880769425 0.00239431091485682 -0.180875750928845 -0.932665758728705 0.496273339461287 0.205667051623587 -0.478996047172225
-43.4100018370697 82.200368767852 74.1462644346943 0.176668339362011 0.931571951322556 -0.317745176796798 -0.946123539228097 0.249731543480128 0.206117453677526 0.238157873879366 0.497038460248195 -0.210048947349914 -0.329548922850509 -0.138220739483654 0.158189207681887
-43.7209049313313 82.4062764885455 74.4150940194253 -0.0733955861008369 0.079883909948473 -0.994098410054094 -0.996533081225864 -0.0450320472703881 0.0699566490129529 -0.0323765587572848 -0.384334090680408 -0.163172791721795 0.0736943828397124 0.305544549558171 -0.00114307039573581
-44.0922363674144 82.6216539688432 74.23312916544 -0.0656112593279917 -0.805489944998094 -0.588966137528696 -0.975887311023153 -0.0713435116245547 0.20628635324025 -0.152761630575362 -0.033118155835622 -0.0563673671878026 -0.820338565052865 0.10205560859402 -0.290534187623207
-44.5607739323809 82.5146061962702 74.0910858540727 0.330594463008282 -0.923718573321222 0.19352337928458 -0.940566576101367 -0.339358499185841 -0.0130508601693219 0.469361933259917 -0.122974199826532 0.502255205815803 0.0641474986184255 -0.27069861580324 -0.345784571339262
-45.5279122371123 82.703884801609 74.6415003160222 -0.980162592676292 -0.0440237465056348 0.193243891653267 -0.095127500051681 -0.750872218039311 -0.653560762982118 -0.00848710879540342 -0.635909976304951 -0.138772556125895 -0.103405970231609 0.277016204467264 0.0774379719787654
-45.5551869229495 82.2122552575415 74.7450874828374 -0.651939068660917 0.311032911550915 -0.6915446324606 0.0058168519726129 -0.909923280206477 -0.41473580550798 0.014388239997273 0.0183025689652487 0.2222316128577 0.0269640325595122 0.0202570530172793 0.138535789046863
-45.7982674789207 81.780592403884 74.6345160694468 0.203846820907686 0.483250178181035 -0.851419837033128 -0.0747395171254057 -0.859460952196497 -0.505708291635673 -0.164791800514663 -0.0300788972418818 -0.74859485458262 0.112102325512561 0.242515744945784 0.321898742944691
-45.9550102138117 81.4671238797659 74.3137527880534 0.655496125297045 0.533906495598977 -0.534105498640371 0.0546827216707601 -0.738937528517947 -0.671551285382373 0.0675448960057015 0.0475284956043563 0.286085222161339 0.130185286197727 -0.0683380046480266 0.107033916110462
-46.0020139682735 81.4115605641907 73.7734205855402 0.997351070225471 0.00289946738398199 0.0726803674138753 0.0573270220988373 -0.646354625242859 -0.760880615447188 -0.303691981873291 0.230441343105984 -0.281960999593817 0.693875565740102 -0.253244770296919 -0.482483053000385
-45.8386161709211 81.2538297593998 73.3390202440579 0.751832077353595 -0.334795522613867 0.568032116609433 0.0834760328404978 -0.806234277285562 -0.585677421513569 0.292640752332939 -0.0582350150178989 -0.15451616510695 -0.0614083241407828 -0.0935999840219092 -0.157916224828022
-45.507520532108 81.1087203203121 72.9782414900519 0.123624797713786 -0.694178184268514 0.709107578491883 0.0333548430765985 -0.711278518909785 -0.702118453666863 -0.238074935980707 0.301909730997719 -0.220850922015749 0.643115174551891 -0.0436975876601105 -0.149273303291703
-45.3289258602034 80.6960020633172 72.6800548761501 -0.209440640369617 -0.541894428085533 0.813931844180429 0.0936272221082369 -0.839682322169024 -0.534946297413483 0.120587976373044 0.0284879693537127 -0.258705988903337 0.0877328301483026 0.0937765967325096 0.128317250475682
-45.7437285264833 81.3975076416167 71.8888718285804 -0.384552667305675 0.880026446606519 0.278698222708145 -0.879418332383273 -0.25748021657492 -0.400408959365685 -0.4876515400381 0.573187402312761 -0.471156294963149 -0.246372370054639 -0.0732078427878002 0.40351543859894
-45.2574901401462 82.0861928888085 71.2448714878764 0.180357652504685 0.707276103093946 -0.683543437664894 0.979567414725888 -0.0662855100524129 0.189878674853394 0.0932035596617725 -0.171259154223898 -0.285961530491593 0.0798971499805429 -0.270259690569025 -0.0827781654294517
-44.7125112763094 82.2160151258748 71.1712379712035 -0.156076066340873 0.970125921832023 -0.185730873319084 0.987396554594412 0.158232362296831 -0.00325015336324985 -0.0448199493665882 0.861077869267897 0.119584285725384 -0.38402645459474 0.243371254784298 -0.292263463127521
-44.284239655806 82.3113306134442 70.8858980706266 -0.248559285729777 0.631921436821465 0.734093712793598 0.967571501997945 0.197182009107622 0.157875405957774 0.388256800834278 -0.0224349230323322 -0.229447886889893 0.377296400665843 -0.368728704089875 0.218809061161436
-44.1720864513224 82.6061614394432 70.68793109093 0.297241003410885 -0.349767583081882 0.88843144007584 0.949799532854188 0.203444960024262 -0.237678344891318 0.143242645348417 0.178703037271483 0.0795652940207252 -0.45350447601927 0.394381355025858 -0.0942464912033746
-43.7497855437348 83.6043214409532 70.0272983598328 0.488353005262829 0.263565247409498 -0.831892242185144 -0.87258858512772 0.136535796169073 -0.468985220949301 -0.105007324506061 -0.203822705785179 0.112257841348963 0.248951936916143 -0.325520347689708 0.19585570288862
-44.0982320796864 83.8511855533505 69.7511694853258 0.505180365755188 -0.458663918622526 -0.731040496694433 -0.833151259709122 -0.0382928137163582 -0.551717897898265 -0.0645302048526145 -0.080155533651134 0.511560189422588 -0.177920436135048 0.196015124343695 -0.0199890220162214
-44.3041298273791 84.0495288501357 69.2980967790391 0.378892959226133 -0.909919987104008 -0.168777197858035 -0.69767744741428 -0.161030793505143 -0.698079696676701 -0.0540541976336325 0.201309920703423 -0.551657884327688 0.0317883632708554 0.172432718246613 -0.511630238985731
-44.2959491797325 83.9971343748512 68.8268382212347 -0.523541857743023 -0.789139124256147 0.321190544313627 -0.657152554580448 0.134080461000134 -0.74173644240027 0.794996173040507 0.00856801630547582 0.237418724100269 -0.18690407223234 0.104647912781464 -0.0148323852282397
-44.3694871147176 83.7934211375445 68.4254577459312 -0.820923261459335 -0.149725146915196 0.551060231894135 -0.571014192279031 0.206326421960611 -0.794589327776389 0.0796891818800273 -0.0872233094542504 0.491305605922027 0.167426726882017 0.107760017186261 -0.0274922818793125
-44.5779299842729 83.5078849162909 68.0211852463345 -0.55195448271714 0.67482999709957 0.489847653889464 -0.490478006426254 0.212338130412774 -0.845188643785369 0.00961856684593227 -0.023024560101402 -0.249875160040574 -0.235191393312899 -0.311489712971321 -0.339181921775392
-45.0501033022621 83.5176349438618 67.7774597932752 -0.203236144985071 0.97298074003595 0.109560708689049 -0.373341759525571 0.0264352456304435 -0.9273171563073 -0.233221329084456 0.334547813273761 -0.464122824221806 0.140583517155125 -0.15916980453967 0.351149256762387
-45.3791443795446 82.707721734244 68.0545042025174 -0.0521823478692335 0.717773073073274 0.694318959946356 -0.305544054009893 -0.673399502691747 0.673183437729257 -0.266585599957578 0.0534036241943314 0.259062753750394 -0.00550652922507301 -0.338655343232041 0.0561200212308951
-44.5586694934613 82.21810828055 67.8112214304327 0.590935279926367 0.702130999748127 -0.397249989465254 0.514122330400251 -0.707249803565782 -0.485258636954631 -0.0126502192839781 -0.299845857762784 -0.214445403193236 0.479974362416664 0.112251911042515 -0.0503865864656006
-44.1474148457323 81.8078882255654 67.5148367313507 0.579184134631491 0.814659603267445 0.0295883253201566 0.564227339295511 -0.374413081933114 -0.735841255753232 -0.0914856940349429 -0.149993200364011 0.842234880078064 -0.390474461669603 -0.107709208975419 -0.225751043845248
-44.0139851906885 81.8521253972453 67.011605937388 0.779083135123903 0.325786036827324 0.535623866881333 0.625691668771122 -0.350595156243933 -0.696845012931668 0.369319692676416 -0.379904081979311 -0.138347992578144 -0.454892141670039 -0.577812801394848 0.445681794508648
-44.5195604578349 82.4570572995838 65.8038905367933 0.149872139897725 0.589586650125722 -0.793678728247539 -0.803681511235804 0.54021078859795 0.249536234597303 0.16889055108913 -0.42247640773769 0.562691588182481 -0.268203565332682 0.738216060601806 -0.417202909100609
-44.8190973113961 82.8525041409792 65.8850051465285 -0.156083986881175 -0.270783669552851 -0.94990209671406 -0.836982858063594 0.546920411869289 -0.0183782041350195 0.115629120529075 0.330590500734088 0.193889286100617 0.181390836534861 0.379266490966781 0.343277757432778
-44.9618389542635 83.2351707180381 65.6238757481155 -0.632185153774762 -0.772583202413156 -0.0587973357818117 -0.772326860565375 0.622256616402941 0.127702481539504 0.211484027962924 0.16852896556562 0.422854300080295 0.196100514005492 0.748685886146784 0.0748879612620463
-45.4006660599611 83.5542630373732 65.5270240551791 -0.277318219503291 -0.752858101696923 0.596908103347412 -0.883695401855455 0.443693884533547 0.149057618282478 0.0433554504182703 -0.259575249074293 -0.0106491762048754 0.351892577987697 -0.195926019167539 0.458779677973304
-46.0111211738787 83.5481769324419 65.6203095993731 0.270356039316505 -0.594257047035634 0.757473546767226 -0.843705202759966 0.232743800448058 0.483727045126891 -0.400171486138872 -0.0238050005414928 0.351078353813125 -0.191418969217934 -0.265257424423433 1.09001158911318
-46.5132071439154 83.4644630993445 65.9206161332294 0.67169073908946 -0.336783987983656 0.659854602513605 -0.682095899843469 0.0664347506183821 0.728238702161741 -0.484429522924326 0.446825141582699 -0.655369559057754 -0.105318217779435 0.291321511865836 -0.3206671727428
-46.7450594003651 83.1875345992432 66.2545743255905 0.586336669719554 0.59343686585295 0.551400032631844 -0.777223131950621 0.220261837861804 0.589414053056675 -0.157574660802261 0.500910336961536 0.227007537810815 -0.117220350942607 -0.120582878006185 0.0854622752990364
-47.0801115260884 82.5439699625853 66.4421077460678 -0.882311826225573 0.351713153101365 0.312767804029185 -0.470310991182194 -0.684607434833018 -0.556884397109007 -0.770792762326985 0.0140699711854011 -0.136819439031917 0.389588448974005 0.31767132353858 -0.465792295532689
-47.3620281878014 82.0867952769024 66.3851939402147 -0.731671207018434 0.671635610045406 -0.11645965884417 -0.464968003116754 -0.61667683237449 -0.635227865013039 -0.0674514302212165 -0.0545912336804303 0.437787306506387 0.0984599146736984 -0.0930286970626795 0.328531756371337
-47.7107966918489 81.6867961427708 66.3376528559833 -0.00686799010801194 0.822073833536749 -0.569339479507831 -0.484490639047656 -0.500799857194032 -0.717264472638759 0.0231275831609482 0.0377190139462466 -0.444697780146844 0.0594718786631669 0.232873505482053 0.743853487845693
-48.0788838555228 80.529864201735 66.7251319001391 0.485373624106723 -0.832699539997171 0.266503135269301 -0.574755871347585 -0.074196578570418 0.814954327603005 -0.232222838461423 0.153512127801279 0.00178350338079529 0.205898514530959 0.0147570067039927 -0.295819953047806
-48.0501555644637 81.1383712583816 65.8571077771154 0.601962056043675 -0.729264223943302 -0.325292752393731 -0.633783416280391 -0.684142166057277 0.360926693208273 0.107066083954231 -0.117175569141066 0.197472411814053 0.0214392139088425 -0.71382799937826 -0.174083607917444
-48.3452111660566 80.7123679581477 65.7202380728044 0.713579901538592 -0.455823671739944 0.532004233443289 -0.671117707217762 -0.662647767102749 0.332413838178267 -0.195826583062603 -0.36277312308445 0.510758417948447 0.242129090196204 -0.374752650059518 0.0462224212011774
-48.4183998021761 80.2347180883693 65.6682923069832 0.0804531560607769 0.273847240632208 0.958402305128759 -0.765670072612894 -0.598641056535447 0.235325785526118 0.535510280710311 0.101637742418282 0.422828290096894 -0.125243688682905 -0.836921752743223 0.372504566653807
-48.6457323578096 79.8313533036107 65.9059069323802 -0.255792883647688 0.843045266425321 0.473122266894897 -0.729486935160325 -0.489468257315947 0.477775717789722 -0.655743189364962 0.0915317904983733 -0.166736216402569 0.248380530770887 -0.383304140387806 0.475250769794883
-48.8623020821356 79.5816119342563 66.274982089923 -0.548007185219175 0.817898278871743 -0.175301256032947 -0.671716174639299 -0.305404570511098 0.674926239702344 -0.24806233722812 -0.15266883445572 -0.151155603966486 0.0497066489858939 -0.0815666949927262 -0.0482457863507103
-49.1720834155213 79.4745322799043 66.683706491151 -0.395069034241269 0.780136645459636 -0.485084809690072 -0.849422102740649 -0.109117398642927 0.51630948537441 0.723608770367566 -0.105676312987378 0.532999906440235 0.142022739926895 -0.448659733350108 0.357533761061541
-49.5653187689898 79.6930763286799 67.0363061775839 -0.334560917140448 0.399647897113095 -0.853434561671354 -0.910576163968513 0.0961727162592605 0.401997336134073 -0.0988969743477213 0.337543505632166 0.0962034738639338 -0.836203377899867 -0.363596250853194 0.0475490719987772
-49.8845768447448 80.0310739049367 67.1423098860883 -0.503702886304281 -0.526590747034873 -0.684825224028756 -0.863749241093907 0.293364148956176 0.409725181819664 -0.324120056829683 -0.106002198046822 0.0524298410072669 -0.256770137015306 -0.0935796753129037 0.216835040386809
-48.8724124134374 80.9342701347803 67.5960516260722 0.673751645824778 0.737741824723474 0.0423759342100421 -0.461904681343159 0.375690949108928 0.803430380375051 -0.0670194314017159 -0.171049484840661 0.00692240149846463 0.0792620895338165 -0.244436090469849 0.0299688848492109
-48.9068391802015 81.066437988012 68.0566546860259 0.187496537744414 0.871494155005863 -0.453147863421299 -0.497698616226424 0.482014803959247 0.72108100527583 -0.31077225700928 -0.197411203345011 0.21971944925969 0.0219259415833327 0.254050817201518 0.255341877670156
-48.8595412652925 81.3738217996625 68.3227478702764 -0.728569178639047 0.368778441693792 -0.577225616962389 -0.529884989541815 0.230571715628076 0.816124121570306 0.217841575619984 -0.179499305869099 -0.00154657388975082 0.0138945876669399 0.0447210784569076 0.174354723648336
-49.0031260296903 81.8034011442465 68.4921376370146 -0.866722577854499 -0.491047393284106 -0.08754673372742 -0.264780872096327 0.304207656484872 0.915067643132376 -0.00752920688553957 -0.0223561840852339 -0.17725426998051 -0.291818368370251 0.579538933186668 -0.14983789748065
-48.67132825917 82.7675719438639 69.4096858976073 -0.292763627747643 0.538001733398504 0.790470488460787 -0.609516974363761 0.53195834659394 -0.587800455469623 -0.143195563023542 -0.64788667287324 0.0634709694543271 0.2757377093349 0.0126713829681452 -0.042294975511773
-49.2255508105489 83.028962577897 69.2679079032395 0.300190917812488 0.747212267881305 0.592924311855234 -0.721114405588596 0.5846608751616 -0.371706436729514 -0.0475343673076094 0.141984681876028 0.359454614875225 -0.484571339320204 0.244122404209989 -0.0980395283141385
-49.6517688208694 83.2765712727997 69.503467134353 0.555480932613258 0.821789212906139 -0.126899263407465 -0.818157816320599 0.512888517006981 -0.259929137873178 0.280532186777398 -0.022749299743702 0.113159678374509 0.583943365581488 -0.460022063823056 0.390874180847785
-49.7313994207707 82.6731991643766 70.5313764017548 0.463529542064735 -0.683738032434419 0.563597965427619 -0.298755695190091 0.478215788035068 0.825866027067094 0.219469221292008 0.298361712969265 -0.106474541131711 0.2163837445508 -0.124268173703055 0.10932557724762
-50.061029002642 82.7220457817753 70.870410868823 0.905656895126048 -0.209996170102329 0.368357430838477 -0.235562954776608 0.473153487382668 0.848902745734311 0.114022060554509 0.237901366187141 -0.180334504159865 0.0698336652792837 -0.133965265181553 -0.0842722340809843
-50.0482020548281 82.7565996851374 71.324504302831 0.881814646684636 0.460342941218955 -0.102407545444445 -0.188536787915572 0.543166098465521 0.818183640193876 -0.207737884016253 -0.392784142931632 0.206978783999138 -0.00652237759009785 -0.0360202962904216 0.160156213067723
-49.87041698903 82.9503943489266 71.7563182762234 0.262919846330148 0.788964121823196 -0.555345630109176 -0.257975671023176 0.612126100458435 0.74749594667641 0.0374210012463138 -0.393852856914042 0.366812719461049 -0.0642741249551056 -0.41721763084057 -0.438895710076632
-49.7140977109259 83.3154569273421 72.0876752861765 -0.52994685668388 0.508680699024419 -0.67852802118179 -0.327563149649647 0.615237138651713 0.717067393076159 -0.135597483140599 0.328872214397209 -0.271645097224976 -0.250714611593008 -0.142473333755935 0.142045369204449
-49.6510355490905 83.7343205678191 72.3228680857411 -0.933818599832284 -0.199578883052648 -0.296902495858292 -0.355843068237332 0.603690066491089 0.71339611325496 0.0886181838031867 0.174101188176014 -0.182296056758358 0.244305461706412 0.180731810926243 -0.0299363001654686
-49.2018702167709 84.0198821194137 73.0983915652626 0.744751726026918 0.662352915524879 -0.0814461900593603 -0.21069551527394 0.349181171488665 0.9130607369286 -0.37259952500896 -0.0309168632447528 0.227456849520271 0.0570062553641987 0.320190963591304 -0.372907186387538
-49.1447320278752 84.2186934007039 73.6081469044084 0.0792915511788884 0.781071002005355 -0.619387552133569 -0.360557682629022 0.6017478045809 0.712669444538812 -0.160589758647433 0.0594245310091547 0.0707021454602418 0.461535961721079 -0.0838403216451751 0.259524651895508
-49.1215210320031 84.659948629374 73.8781702767487 -0.479655836210815 0.466437581944376 -0.743213469292838 -0.144591323912135 0.793413797963655 0.59125958279726 0.183659861445472 0.19986241910556 0.0859172958512635 0.492267166245992 -0.352631256416074 -0.054177364573351
-49.1252583308612 85.1001901614743 74.0197725190428 -0.832078014439823 -0.0519965684283688 -0.552216021821972 -0.337961146893354 0.836965790550247 0.430430631621824 0.200586569837623 0.247805069257808 -0.66200535454693 -0.00459357342470092 0.170948846942578 -0.0346518123119465
-49.2634154579582 85.6540416266411 74.0344005164642 -0.87320437533376 -0.454183057620946 0.176725405832702 -0.347406303373359 0.834405628443392 0.427873938908068 -0.241088744917376 -0.608951587839991 -0.0347601783907873 0.608614280098641 0.0769461467920903 -0.323314644926611
-49.6365985647968 86.0017610299928 73.8914566337361 -0.185413959390331 -0.442589713832416 0.877346002938292 -0.535048131719501 0.794345161117839 0.287644332033083 -0.238688165486183 0.255252878709255 -0.182689213077379 -0.191224288121287 0.245166972389825 0.032221980370642
-50.1216000455094 86.0998016132313 74.0590170185943 0.415862322069333 0.153953867727379 0.896301699035732 -0.652777873612374 0.736742960037408 0.176326000795523 -0.903916169706204 -0.262013324311799 0.265806727260326 -0.270040803325976 0.0507665396297545 -0.0328986297841293
-50.5411457900844 86.3332180031695 74.3459429800353 0.734164541196699 0.549736907097231 0.398486837201908 -0.597354090027018 0.801956679641759 -0.00579440282743043 -0.060053642434221 0.414064685176722 0.506926582471602 0.0274345485303679 0.094961460046599 0.255392189037832
-50.6787530794485 86.7151410309643 74.6468399454413 0.666661614281024 0.539195209130263 -0.514617157209765 -0.588590618147697 0.804427703450699 0.0803564194628484 -0.405490705632263 0.537740478286505 0.154089609745786 -0.206893852591097 0.223734212134255 0.26021004059391
-50.7334375989102 87.1470173967463 74.8401818956028 0.0689529453876018 0.0729682002973921 -0.994947804192406 -0.666496645653429 0.745459789244019 0.00848079906394473 -0.108795639015137 -0.183400536404309 -0.286772705102608 0.313364728002335 0.122962564779476 0.698923480194314
-50.8667512818648 87.5791771699293 74.7500461687327 -0.494815516003545 -0.668104163334658 -0.555692749688361 -0.725246522996217 0.669768209839432 -0.159461675551427 0.092502235134304 -0.066911725688448 0.735459627344881 -0.350018244538867 0.129604813144599 -0.153277586541696
-51.1607050719851 87.8930891956471 74.4453073484239 -0.612644814233818 -0.782699659929765 0.109761441030285 -0.779062626277984 0.574641873159017 -0.250695316964712 0.0115756406169999 0.080140951359232 -0.0769159621316938 -0.849248587502384 -0.0630524827669743 0.135505717901184
-51.5280301506009 87.968503466684 74.1372892374964 -0.458314500844416 -0.446734855889975 0.768359152250871 -0.820790225833254 0.544377309333488 -0.173080184476328 -0.316659448591353 0.357333263267091 -0.166743424913314 0.300283352762795 -0.2397706002255 0.161493800712239
-52.0494413927837 87.8561894697792 73.9073822784274 -0.00221239374860551 0.193799037437368 0.981038754791049 -0.854712260216351 0.508890641318817 -0.102456173131865 -0.483072156181758 0.347851701323192 0.155919282918048 -0.339552364295594 0.375219072459022 0.0598118710860702
-52.4917003216718 87.9267938367455 74.0637841613338 0.48767366985504 0.7705971504846 0.410310155120398 -0.85121011314243 0.524110296883911 0.0273813802444183 0.299984480610811 -0.243944366555847 0.0907031933351426 -0.42475478253748 0.273989701279984 0.0275607664319049
-52.8406755234144 88.1470141053313 74.3530681314613 0.520293025495648 0.784506989859406 -0.337407691792805 -0.790682609134819 0.59181411038327 0.156770757355105 -0.185173875772665 0.0308639602850326 0.0637397977977808 0.598453031231786 0.218308151391199 0.407866134722571
-53.0207924290517 88.6461497393857 74.5822726080499 0.181836490288827 0.37527740991455 -0.908901730885266 -0.675536721318933 0.719340919649849 0.161860370276531 -0.312524492837406 -0.25226461328594 0.18278158794189 -0.291544116422702 0.175500434279093 -0.0192926103433531
-53.0573779040571 89.158403600802 74.6228574655991 -0.491015016316094 -0.183887880977287 -0.851521873460306 -0.670262732856418 0.704120958174598 0.23443878775265 0.0379027053793068 -0.0375165923987387 -0.0283069095596163 -0.553219919153555 -0.335156162237507 -0.773986688182059
-53.2087844656263 89.6203228003188 74.5497393767552 -0.75685754839094 -0.62987372195082 -0.174429773371773 -0.643040533333215 0.669908373829589 0.371108667593032 0.226630218453625 0.19993306651535 0.452097605647503 -0.129289933261125 -0.195940382987969 -0.308736828160918
-53.6080971143447 89.9045870916661 74.5399864715736 -0.408865316980247 -0.802938471842244 0.433726829934005 -0.718621227150217 0.576219789428176 0.389299738195537 0.290751592365866 -0.615065358884851 0.295479736230085 0.0179590305163226 0.175963274862931 0.150034739854025
-54.1233686727812 89.9604165315897 74.4980667033719 0.0896891634401367 -0.4109872561423 0.90721845729117 -0.70311246155104 0.619013551480057 0.349935836255326 0.175063027326607 0.155740361342303 0.203390762171032 0.100466475172504 0.398118862032843 0.0548709119730446
-54.6961747916067 90.0294238497558 74.6285088081383 0.504190717739725 0.155115442127079 0.849547479401752 -0.811091721863867 0.422823652958776 0.404166274226443 -0.239763085543645 0.120591117896837 0.158772258826352 0.207914512995107 -0.0433940772968945 0.10734149070354
-55.0970973456971 89.8129122549602 74.9867356980714 0.432218800317827 0.727883523165368 0.532327423073693 -0.900147925312336 0.312870921309201 0.303060223643967 -0.267317420168656 -0.0982321707064641 -0.290769846369179 0.308469874142076 -0.0641805580264676 -0.321226082578623
-55.3985959587291 89.8977566299239 75.4157194855015 0.370651659455758 0.918231058125362 -0.139531613747116 -0.863482148383136 0.396017140903325 0.312360374460779 0.220388372789459 -0.0361694011198765 0.267043517539525 0.300906489347655 -0.322173155842978 -0.19930405383097
-55.5998146314605 90.0432677327464 75.7988360760554 -0.0760471991258369 0.565022246023784 -0.821563561145318 -0.842012576802179 0.404935039175862 0.356430125765774 0.508455388667958 0.382283915590154 -0.332355604927664 0.259241353334573 -0.178054474297164 0.392241661932995
-55.7960187666348 90.5278671113028 75.8160422429283 -0.382469290291472 -0.166009012815562 -0.908932478046122 -0.802276637682119 0.54764417826569 0.2375669392822 0.367440856769768 -0.0915824926031777 -0.0918796577333927 0.024152043638727 -0.165229866689489 -0.281861916538055
-55.9019864844021 90.9945467691458 75.6956796157236 -0.686365616997489 -0.689092991505004 -0.232493201751153 -0.685768320201858 0.506814772322039 0.522360601081428 0.0164278335464144 0.270746098215288 0.00563733659079979 0.242287280845828 0.181639997040681 0.0748862568462827
-55.9517614228533 91.0865822317886 75.0427425804114 -0.978416887921277 -0.206562495901524 0.00568583474031518 -0.203519781272118 0.968038844196581 0.146562255564895 -0.564195033927516 -0.0493763593047421 -0.128365263962883 -0.427294413900747 0.131805457803542 -0.229129423952589
-56.0536715266038 91.6537355396728 75.0034061207413 -0.853404050124551 -0.506342090668567 0.123770814206508 -0.400684132785546 0.789124140049515 0.465548404922432 -0.223741891583887 0.0698703882231963 -0.0581874597704139 0.175547445838247 0.0952938973951306 0.064870290956827
-56.4471068186752 92.0075769943475 74.9358708307115 -0.293185432252367 -0.400625696582545 0.868067597341044 -0.685773467109911 0.720768993646441 0.101028756333446 -0.16768295015377 0.226740174998394 -0.177903352001724 0.611121318716223 -0.252900954995283 0.29365060050817
-55.9140387632539 91.8699493029628 73.8449293949955 0.934834414715597 -0.355078006718876 -0.00205577424579438 0.295027479162791 0.779931595995789 -0.551965118558729 -0.622591023270753 0.192501659782187 0.0419502061476393 -0.350811344687097 0.246031567486422 0.549209057596853
-55.6007695317062 92.2576306618963 73.8857727635326 0.537929123723956 -0.592606768611364 -0.599541054177908 0.342576821697972 0.803508050048279 -0.486842823447066 0.458097621711133 -0.534321460646651 0.366556458858972 0.118438324424879 0.149676520499048 0.256841888470876
-55.2629115010139 92.5479762893668 73.7618812045827 -0.165634465530723 -0.518257467085161 -0.839031835891532 0.127665759896843 0.832356426778587 -0.539336845163544 0.185719341046867 0.203580147472136 -0.0518331744699806 -0.353571007867357 0.082691523413741 0.459935961236923
-54.9930109048475 92.7845399817059 73.505511501867 -0.910254958110352 -0.0728226091235337 -0.407593889594921 0.0946350646302092 0.92176258625894 -0.376029173221668 -0.3289583955067 0.346154997754446 -0.664716521709301 -0.0579704623239702 0.533850129670703 0.587692931425437
-54.437962637018 93.5388108973681 73.5316437792582 -0.880081568391505 0.466619039880499 -0.0878811959199878 0.399177503925819 0.626865334103103 -0.669101765994753 -0.0954618352433688 -0.0598235963642647 0.342398839225408 -0.274917131573874 0.163605063813386 -0.104063701174838
-54.4497355491785 93.6977471595921 73.0927743756026 -0.522550992574234 0.725747472683712 0.447471860626004 0.434490155161348 0.67823755616385 -0.592631523356727 -0.73171520497986 0.116541503528047 0.228880329173859 -0.553121879410424 -0.269661207595688 0.0285165407858296
-54.4403599960699 93.9601110098516 72.7011474429624 0.210327066339896 0.47685839098726 0.853445135969185 0.604580458035616 0.622584151634909 -0.49686159430343 0.555517255332247 0.348288723792948 -0.858157245837389 0.0252508050546 0.377467157856496 0.160676937362146
-54.3808684966727 94.4700279520708 72.633609753573 0.796274458722749 -0.299750535608131 0.525448953551571 0.576388282190157 0.639622063193659 -0.508586437520246 -0.0293462175929203 0.0596826345822536 0.320614713042972 -0.302753175040199 0.225339924828983 -0.487949346963898
-54.0937237288703 94.9360815293223 72.4625185866564 0.500355614309934 -0.864244895843668 0.0522017167713546 0.757460075771269 0.407733083776942 -0.509909762609377 -0.198117444954109 0.183948438865434 0.260545083530895 0.186926462634781 -0.218605401418074 0.172700787945864
