t = 400000000
b = 100 100 100
E = 0.212928340196823 0.0470362745094432 0.16589206568738
121.475213515554 23.9369975011181 664.531002461269 0.890764204112034 -0.107423239395312 0.441587341659693 0.453946831616834 0.163891049415333 -0.875826465679671 -0.78221349807879 0.20588300299455 -0.412525368103157 -0.0281386502049688 0.235099850976866 0.11219019963248
120.513709216331 24.9419984000966 664.325629569403 -0.639936451837653 0.664049106448338 -0.386678318305614 -0.267706593070792 0.279023154724631 0.922214323875415 -0.0941287567294538 0.127850550589975 0.11098361170302 0.163773288134616 -0.152078023198443 -0.159477507159043
120.998326939536 25.2810251956797 664.70086560411 0.797728795240652 -0.554081453406019 0.237954853370257 0.579278281783594 0.813766375305913 -0.0471270483435227 -0.543978564792676 -0.0954157876221217 0.184812091751316 -0.68976953600588 0.166326152272657 -0.409067218801652
120.053520036621 25.1498927940998 664.677189009167 0.365589552717691 -0.852356106071808 0.373942973433404 -0.256790471598955 -0.478525812043321 -0.839685477366152 -0.0141178830612577 0.275477698478816 0.0035364458288051 -0.428969844945805 0.0498432087203883 0.279991484840685
119.863534835845 25.3525030754216 663.641351970004 0.341228735651609 0.799863743864061 -0.493741775844227 0.0157000816792478 -0.530044771783337 -0.847824302162156 -0.438600914767212 -0.118098456811843 0.309636368808123 0.263976554030631 0.109601568258619 0.106288795651484
119.185307940645 25.6990763940421 663.714726925723 0.0964768793085061 0.901928651550558 0.420971399583305 0.289626953287591 0.379203871923284 -0.878817757812402 -0.140875545161138 -0.0542168789366081 -0.447486741938258 0.0817932482635118 0.295624005742262 -0.567455769983018
118.806852681754 25.0686791992381 662.915199500893 -0.555267014204992 -0.676085457266545 0.484341818776526 -0.695822869543147 0.0586752552974304 -0.715812649120856 -0.179413525625411 -0.422439575092867 -0.0709388808927991 0.196051639723779 -0.268121982275688 -0.125107095125505
118.805267366596 24.5491051022161 662.386879602243 -0.718272409695025 -0.55661245189271 0.417453379279841 -0.058689371313052 0.646326912832887 0.760800288804325 0.567393087300913 0.258735425899965 -0.101786083220571 0.189298157261419 -0.142794961652174 -0.110084914537707
118.57253357764 25.1378297743324 661.754369315163 -0.229650466957182 0.752324756224071 0.617469128133275 -0.924555540694979 -0.366836764488513 0.103091417642596 -0.3034869033552 -0.868341732668012 -0.0711049553569753 0.201813591806449 0.136961460164468 0.327187254715237
119.009965978287 24.7536820819335 661.024241640368 0.601814816309255 0.0357667620841287 0.797834359750356 0.795905006249482 0.0556804467287169 -0.602855628551521 -0.0550982864413231 -0.224327997658726 0.383030666780659 -0.0746232046906192 -0.713369198655362 0.076364877458178
118.870155708525 23.9112619197322 660.484387050174 -0.728712726272789 -0.684766675465358 -0.00850662965550745 0.534780622606249 -0.561254073283213 -0.63166727864757 -0.170708636015266 0.0165614221641667 0.187827319467403 -0.339671943007258 0.0197077397404277 0.250442244485584
119.649236165608 23.8112961151558 660.547029259734 -0.393798805366275 -0.46098067925182 -0.795247957711575 -0.703537159463066 0.707949481480498 -0.0619919101264026 -0.00413656625312388 -0.433899939532672 0.401543944948718 0.415399712535943 0.0992428962782558 0.226481936713093
120.643676078803 24.2412122764187 660.6820090588 0.445402694829419 0.618297204442306 -0.647553091586579 0.532572327922949 0.398426189006314 0.746741780972085 -0.207044761270637 -0.188290041370047 -0.159469937245416 0.671200500096756 -0.562219292170679 -0.35297628193638
120.876248342682 23.9914940055538 660.601032496029 -0.841826873888614 -0.168812121599002 -0.512669466619454 0.34518776806425 -0.89857798676341 -0.270929892201036 -0.354434020060615 0.480186541388935 -0.248359191785989 0.119093605160084 -0.306016336556351 0.103014733292219
121.514039061192 24.7274618073626 660.952377357396 0.861813750547635 -0.280977461013034 0.422289859890769 0.499814396744824 0.612220619948229 -0.612675673838757 0.241907604360048 -0.226948167061283 -0.401834327497916 0.266290708505987 0.0388853569306496 -0.227341190792695
121.141685821474 25.2058868473656 659.901077326333 0.70566175606487 -0.0206238634665569 -0.70824864438812 -0.662110703175527 0.336723100245303 -0.669497550776275 -0.107059112173145 -0.167660413977968 0.0722151513252794 -0.329538981324018 0.612090744754891 0.418001692188531
120.355534706541 25.5563784083055 659.452615147295 -0.931586422310609 0.309771815343321 -0.190231859025025 0.324182203354068 0.944714845255668 -0.0491910579529737 -0.0238903720432607 0.290553825919464 0.584300294574306 0.598948169377771 -0.00837260272297591 -0.500888859135554
119.962346532901 24.5916695046256 659.768975746035 -0.524639061215048 -0.82985571465706 0.189982494762093 -0.844298714743363 0.47857612587666 -0.241090381468797 -0.193036411585984 -0.0230698040304737 0.159206401354756 -0.478068153076965 0.638430331930397 0.0866602325876272
120.511515492051 24.5533408473921 659.146933543933 0.720458785235926 -0.486920854445638 0.493808890437403 0.104472197551699 -0.627725368081739 -0.771392521481017 0.100263144328296 0.304202431664601 -0.147540452691887 -0.125750207864813 0.227383042063997 -0.0460168064316432
120.060998753735 24.1180388766951 659.310880523067 0.894184283833664 -0.382259634955321 0.233049432586555 0.446988269028876 0.79159229641425 -0.416633080310068 -0.42987807902596 0.535930909937137 0.148361407399371 -0.168971411780163 0.14741099516774 0.534837082202603
118.99342996195 23.7212902711286 658.636317395499 -0.718145728917695 -0.127049465657474 -0.684196715365006 -0.692799013799234 0.223135623698347 0.685740490213635 -0.190315629157974 -0.230385905737251 0.0591533403066089 -0.0256614872696447 0.271482615595268 -0.0360233309661137
119.413324210551 24.114444185376 658.132113684751 0.214368817403108 -0.567657768779004 -0.794865188360708 -0.754446529114212 0.420631429621073 -0.503864699222481 0.0813767251162587 0.507721361440582 -0.196555089934482 -0.606164278416797 -0.19862506498913 0.498315891597735
118.920819203263 25.3142235622529 658.484538693699 -0.0906654842280893 0.837272711620892 0.539216261207476 0.565366895193307 0.4890096086869 -0.664251365399977 -0.16698313906762 -0.282680272343879 -0.00864351626504074 -0.68122472322577 -0.431984146916517 0.157714198565704
118.373168504871 25.608582253159 658.074891892579 -0.456649289648322 0.523747861131817 0.719138098158691 0.87225918190626 0.104548323738313 0.477737969584151 0.39966477928318 0.386831828107562 0.128592016286459 0.193524994413849 0.0416798872755258 -0.204184695663839
118.371524089995 25.3078323090741 656.864060292644 -0.703715819610506 -0.607849365173254 -0.367835825461123 -0.336013791937796 0.740904998144462 -0.581510546212768 -0.434650593658751 -0.387332264946625 -0.293537090298722 -0.112832458970825 -0.137132424742101 0.102616676649418
118.309904849475 26.5702957660118 656.540617039281 0.0155241984155255 0.974118088585028 -0.225505983870715 0.51682749274607 -0.200885662422946 -0.832186453493561 0.0216752177669779 0.08048142180328 -0.206039344597254 0.114166986813848 -0.378769977970801 -0.0641784052755072
117.815056994067 25.3652286280731 656.098096947366 -0.840341690738215 -0.541996442657216 -0.00810548898764183 -0.505933241450632 0.778884475838218 0.370635303889338 0.177356655826296 -0.388033582225024 0.182130768760015 0.0331575588466366 -0.466327292110441 -0.0230651266639251
117.358252577813 26.1123716529061 655.848796068919 -0.91472445234608 -0.37611704734095 -0.147699502301304 -0.280367239150872 0.853979922460382 -0.438306403384855 0.506106903246814 0.176788590553606 0.510494872037905 0.264867275896216 -0.297130982531889 -0.318612792993233
118.34615570141 25.7450505738046 655.302448714693 0.275475277270038 -0.960382661009864 -0.0421724560504407 -0.00760105845692577 -0.0460445749887831 0.998910466972224 -0.35185105802047 0.320804550363723 -0.179137418199642 0.0625719316712196 -0.239555765621686 -0.761621940241858
118.583221580715 26.1825234595319 654.904082514691 0.535903940423479 -0.0758345673691149 0.840866270596902 -0.783125408962085 0.327497011011049 0.528640049194611 -0.288857453847074 -0.112063105815593 -0.00202132616924334 -0.331457531429924 0.483270763195364 0.156783620561406
118.722010420298 27.2695868977703 654.103555645175 -0.0597133174305049 0.941028085100444 -0.333017210917993 -0.415402745476177 0.279927433998782 0.865494766443447 0.188419654378962 -0.279108264110502 0.244483587382915 -0.693688194903543 0.0269242607764153 0.227165528906946
119.365326377722 26.2955218114319 653.900367043321 0.492087677005473 0.0271540049836011 -0.870122047846113 0.354714709564574 0.906523364838108 0.22889487502273 -0.00306989898749304 0.45007110095365 -0.272394240378753 -0.27517780274296 0.0688816712013753 -0.170555387663247
119.412039004746 25.7507124156596 653.486060697922 -0.483090536634274 0.101057647276718 -0.869718854189948 -0.624731017233557 -0.735743352011898 0.261520316730156 0.0964307056686577 -0.00254082753700753 -0.27245934340267 0.185232986138343 -0.115616190567264 -0.537503258051972
120.03812575142 25.3739866529488 653.443320876669 0.672502689938417 0.690035581372452 0.267564998570061 0.37261489967174 -0.00331797285810764 -0.927980133189291 -0.90687491175624 0.0911454995947926 0.377131927685431 0.0296676964463978 0.326874739836818 0.140629573529456
119.557343198292 24.9567843174235 652.333084612743 0.265404495838637 -0.56141197199816 -0.783822078845968 0.0913589153135588 0.823963831341889 -0.559229070447792 -0.321723960758087 -0.058562370648906 -0.500223561312825 0.581550546022288 -0.137388107500693 0.485134388357302
118.935850140184 25.2273312781241 652.419065846753 -0.302609478254727 -0.26194317653584 0.916413267003767 -0.829648947087189 -0.400890697462181 -0.388547646099918 -0.122076389427295 0.0872902047887469 -0.190897478975132 0.390268832965164 0.0678886874172566 -0.172392283512727
118.988728361963 25.5101033097735 651.149730843187 -0.502497921554533 -0.654300826954555 -0.565142695858808 -0.741998733774195 -0.00914610805172414 0.670338890254189 -0.362148766129719 0.667933751626105 -0.360880952550777 -0.284070913293973 -0.624088665152895 -0.270090480220313
119.215456802771 26.6752111238853 651.422670643827 0.664637430445748 0.614050860154413 -0.42567432058335 0.746487516642771 -0.521455066962486 0.413329167426255 0.328157491346367 -0.270451882043772 0.0383316810491853 0.181118152603794 -0.264196474636265 -0.303109745632987
118.103370660278 26.3355507394624 651.34433401539 -0.671912162025713 0.224629187954576 0.705744836635831 -0.740323923206026 -0.231132878820389 -0.631267044169492 -0.0811892029730627 0.689784900049148 -0.0056743562547611 0.0728016914858846 0.422570484465165 -0.227948665795519
118.540493107493 26.4690068990998 650.16717405091 -0.598467451823592 -0.214555820344814 -0.771882445107151 0.783273099759966 -0.35908266847634 -0.507486835684925 -0.351767534376826 0.133022564882431 -0.301123029348978 -0.0764631659856975 0.110853336690199 0.5821822282634
119.743563954864 26.7522024955884 650.308636287553 0.89915783776894 0.397044462692414 0.184040423341935 -0.378487144061328 0.494428877197228 0.782488061999856 -0.064869397576837 0.226858491960154 -0.0659394080032683 0.235209820362189 0.58226045070754 0.357531698044465
119.279087381276 26.3373647704608 649.566037259561 0.560649371445544 -0.781096789451961 0.274881952482147 0.38535091111375 0.539938525886677 0.74831214313474 -0.0513345409686338 -0.227413251461914 0.184168106098249 -0.118813583102854 0.234330238098236 0.116941872764437
119.843876816431 26.8803608137831 648.675051944648 0.25940587881908 0.398019346383526 -0.879937037482011 -0.185051959270933 0.914728828489557 0.359203205287307 0.136352254262259 -0.151666019045892 0.241314567837234 -0.239851560266267 -0.00103773867777699 -0.415559488391295
120.021050270615 26.769299310159 648.49403567969 -0.969987007981166 -0.0947988786731132 -0.223916004231133 -0.214526353960906 -0.0998802163164436 0.971597851916019 -0.343051968190158 0.276981543217354 0.387360117280155 -0.0805828397955365 0.452214877378558 0.12483743250454
120.135500855551 27.2757107278283 648.087200955245 -0.494042153892165 -0.5860572835683 -0.642229873608408 0.856200768108071 -0.456352335410659 -0.242204026924118 0.036263233085039 0.0161220460123354 -0.135308734314712 -0.313817400285424 0.0564065648609592 -0.195140376656657
120.37511896641 28.0131311600847 648.644693036546 0.975153070233479 -0.221257721520601 0.0110231701211151 -0.212996975049641 -0.922742247940026 0.321214931912388 0.492620465834604 0.263540703997136 0.132539260043379 0.0913956278223766 -0.0297901844742552 0.209397844923486
120.186955947315 28.4660225748197 647.75227194829 0.18775495853214 0.949734429616197 -0.250504668140681 -0.768263927092068 -0.0169048016789521 -0.63990996711722 -0.163628651019118 -0.324684625263574 -0.210129717108275 -0.432698516273469 0.481978197916519 0.0876072719931007
119.551848808843 28.0098573108946 647.740575045231 -0.213151357924914 0.492471634583191 0.843823552501915 -0.69608646367294 -0.682596464564923 0.2225437073192 -0.125659126793342 0.851940926898721 -0.482822523038603 0.26043141581993 -0.205834958916363 0.360992176985536
120.541896499503 27.2903537840297 647.08184643325 0.842339903642807 -0.0618048613819755 -0.535391114830064 0.0929235886599826 0.995180648039306 0.0313158815141343 0.550828846941217 0.00415604171192539 0.176169167455901 -0.225518774516456 0.520309679045904 -0.00788616291993873
120.642058874399 28.1267414145483 646.720200492387 0.563405111635653 0.758477475372473 -0.327546331894901 -0.18327659099943 -0.271838830382923 -0.944729242424497 -0.538940469259924 -0.464269107157603 -0.556470839995815 -0.0340800203850736 -0.486081142069119 0.538676994846161
120.322508715853 27.7030929038529 646.144874134868 -0.408687536851103 0.900572708499244 -0.148132690297547 -0.328798547643687 0.0061268925734291 0.944380207467972 0.393822999320886 0.0505729861359262 -0.21553220923062 -0.225152273357308 0.0660949290479737 0.751819551025727
120.482646642977 27.8381647960754 645.932355675337 -0.954356281667753 -0.285492126698216 0.0877401461016628 0.0815052656999174 0.0336725314345357 0.9961039364902 -0.226443980356411 0.168876640010662 -0.326801240815443 -0.146304509136928 -0.413421983739438 -0.179184870562604
120.739272482386 27.2344031849041 645.463566451521 -0.857007994688221 -0.504388322034496 -0.105497476900029 -0.0693421351977792 0.31574808496101 -0.946305878205162 0.377170549669814 0.190446250742742 0.267439156270777 -0.0750944110398326 -0.215090037045758 0.101745053614387
121.722543124375 27.352276424825 646.089694197607 0.592814043218146 0.804745617653028 0.0309192664299631 0.710392084571374 -0.504452146087902 -0.490786224836667 0.67400592561667 0.290027760160376 -0.067669246044336 0.65771655679551 0.427393109684447 -0.1504319606159
121.945805190216 26.8820205874701 645.852283359783 -0.628510279665797 -0.13155680357566 -0.76659483157178 -0.751380074211377 0.357397896438921 0.554702377589506 -0.0726100018313413 -0.187557480353387 -0.750619258102298 0.118257591430456 -0.64870057246872 0.349570011831371
121.656641020919 26.0788366860138 646.14861328643 -0.766092950673228 -0.394477135534699 0.507434114407474 -0.469159098545375 -0.196409292835411 -0.860995429683541 -0.28347425749691 0.26497946918442 -0.172350544936273 0.0449822964701262 0.449999209448907 0.196088546404597
122.913023568002 25.9877198039597 645.339500813423 0.837307822825725 0.391147802361581 -0.38199346400674 0.545978135241216 -0.634880729013715 0.546657420847304 -0.172710015989896 0.143829969456735 -0.112339906200882 0.463326966619165 -0.210971833049777 0.492051840022735
122.170225564874 26.1452728027832 645.011859792581 0.498494196799826 0.843403991706399 -0.200432638387112 0.708600567820376 -0.529621040668909 -0.466247561458202 -0.480743555152766 0.0716893589783451 0.132422768073697 -0.151695007043004 -0.1894787931102 0.126158083532848
122.22426405125 26.1535880210391 644.520606144914 -0.547499648484146 0.827420946648352 0.12497484527276 0.429387305229564 0.405972693961469 -0.806729641118985 0.0589489224299432 0.375516687183532 -0.0138693989696698 0.139381862327945 -0.11462614610627 0.194635520284044
122.645483737729 25.9729878823969 644.009096826065 -0.0657112467947787 0.908791605969456 0.412043503733263 -0.99696943424283 -0.0425627001033505 -0.0651180754362434 0.061835632036129 -0.289383939052861 0.393407725970851 -0.264561212247937 -0.207124014681918 -0.37400732729192
122.362420075605 26.005050944689 642.865791874312 -0.46917641647613 0.477971676091662 -0.742574283876483 0.848570649716313 0.476854247440252 -0.22921142888671 -0.195969276894213 -0.112542067501373 -0.416375349863947 -0.427125058331512 -0.50284669786085 -0.108288234412771
123.284077649048 25.1825323137045 642.831091067603 0.974960547856401 -0.148275232207301 0.165729857422066 -0.187189732035793 -0.949537018315405 0.251673310213806 0.223645054112013 -0.230234524797495 -0.259003950127796 -0.262610629788658 0.402675068030754 -0.569699756937715
122.975989684125 25.7958042907095 642.214525785117 -0.843249786124612 0.438676464141453 0.31063283471939 0.520825379127441 0.80972378738205 0.270348502121926 -0.536496879761702 0.554214031882082 0.48282381280683 -0.426127349792098 0.574815843718579 0.222035763057983
124.359281763439 25.6295085150371 641.631773672939 0.977739929302862 -0.199979571612719 -0.0635043430694833 -0.0671384152078815 -0.584931773790382 0.808298987515951 0.0548628586455453 0.176285593088343 -0.119713318593002 -0.136212019965866 -0.00614064322898437 0.063900855227304
124.375641010006 25.6847083156962 640.899227329216 -0.133534955644072 0.75527288792001 -0.641662902464068 0.964000368191585 0.249211405076209 0.0927198237239634 -0.13660018698681 -0.776008122155454 0.513120174540319 -0.0600125018743218 0.222686813975531 -0.0934273705909312
123.908022825861 25.0404515108028 641.192823633768 0.0455451593597723 -0.122568004033197 0.991414506071201 -0.993904997064085 -0.105296574577161 0.0326418166208611 0.0608921531120758 0.27372773355637 0.120789021783256 0.0134597364779385 0.388889309814984 -0.0278980855446896
123.376796844125 25.2459919476715 640.662994971158 0.54320309543255 0.787166719614478 -0.292059844280082 0.190379187540272 0.223316052562351 0.955973695044088 0.0838486088467192 0.0603963522014493 -0.525283535114812 -0.11730129204787 -0.210594990132403 -0.376806482453432
122.747404960143 24.5512815891047 640.548800969251 -0.526797301526872 0.651527011615893 0.545891157865696 -0.740829323990621 -0.0370734950785912 -0.670669418324543 -0.3270814389395 0.138156918906142 -0.522908429288382 -0.190566309129862 0.462953834590339 -0.557839441660897
122.478463127293 24.0166810724784 640.345222929076 0.0829550059850732 0.496510813060931 0.864057567237703 -0.89068838977714 -0.351954198682706 0.287754121345071 0.199624940670074 -0.13656110623836 -0.70901602374178 -0.456757085807313 0.158851146242292 0.34291921515044
122.760061520661 23.3978480101347 639.584087595085 -0.56842026600449 -0.673306474455188 0.47281792759151 -0.822619818068936 0.474867528917025 -0.31272586221889 0.480610737597158 0.0857158926938196 -0.229551481968982 -0.739879560190348 0.214777793709547 0.0902118957827248
123.828271709043 23.6522772015167 639.604455213641 0.156949054928873 0.523447033949967 0.837478475430189 -0.537732370558226 0.75656269591265 -0.37209781618414 -0.320510043888907 0.221626283927001 0.497426453787285 -0.112207237026101 -0.2936673666853 -0.110613198253312
123.807517658693 23.0302955869186 638.952088111001 0.936641003241066 0.331614395556006 0.112851777599137 -0.341968539440125 0.795827884927047 0.499715414622557 -0.0478250010135806 0.0672744362122441 -0.367670108380675 0.0805381578077888 0.604864534685907 -0.623885408793132
124.307250782172 22.3076058728804 639.327337328265 0.878133662257597 -0.037622023385867 0.476933805221003 0.313159547470258 0.798856482311212 -0.513575134223385 0.144043695139141 0.395859187848736 0.0208931174790887 -0.480548964032573 -0.336565175131397 0.216140861712251
124.370754355668 21.6878065532463 638.567973571328 -0.473209411131624 -0.646572467860068 -0.598345132030696 -0.373478876363669 -0.467902806227348 0.800987198922003 -0.222753910407743 -0.575403362609684 -0.210676584167403 -0.374621777103958 -0.475768696180122 0.187940384564386
124.176351887175 22.1986559816892 637.940809059364 0.288440804065491 0.109784709496158 -0.951183063412072 0.806757149931165 -0.562903104326401 0.179674695444664 -0.0993552646439993 -0.173323894649062 -0.195990096944217 -0.109820156450173 -0.246753159697962 -0.052883559731405
123.311308208241 21.592171089289 637.7575810832 -0.816411350611336 0.257474808616222 -0.516893828084963 -0.570551047494522 -0.221495227687226 0.790829543140835 0.434986813037294 0.0274265868814557 0.0082622893339849 -0.0878869227000242 0.0146350864038287 -0.267317278507194
123.417872471603 20.6809777366126 637.630350437579 0.361574986545837 -0.52473044499834 -0.770663019220841 0.673057698646473 -0.425092389400794 0.605218799083017 -0.375519456532018 -0.236197932745881 0.0630159427889106 0.308627652973105 -0.0888992394500927 0.247602831310738
122.7446487994 21.844559965163 638.318562388174 -0.369455829105298 0.925089476121494 0.0878171482158562 -0.92606199325222 -0.374360476519033 0.0475753957814415 0.184207699125637 0.111662497389316 0.577605753324416 -0.00391468455768853 -0.098928105892048 0.396130031906706
122.955576020751 21.2546122947311 638.768808006039 -0.98710205453092 0.133431390610005 0.0884624097598207 0.0571177104646547 -0.222677417024858 0.97321751684457 -0.138267521515556 0.117909102517864 0.132236255319315 0.29226411514488 -0.154143613628045 -0.0894037408047091
123.945525093642 20.7739219510743 639.098078273041 0.86519905312651 0.440190024067104 0.240131924533786 0.388586751486236 -0.891275223184189 0.233728075137115 -0.0212144259788741 0.0841012513002313 0.299979634535108 0.186499550563826 -0.0919668650593591 -0.40098500381944
124.030729727428 19.7007062743967 639.165481181443 -0.427785973065973 -0.801400583612794 -0.41803859371397 -0.287702733221105 0.559164939581873 -0.777535663258724 -0.266004649366404 -0.318619542879067 -0.0273864775032595 -0.101232944875731 -0.0793777839829304 0.0747564663244381
124.635283365162 19.1755466007546 639.025712846139 0.188356113443331 -0.915902756474094 0.354463136613278 -0.0639937140505386 -0.371602367173904 -0.92618382909232 -0.321435291554463 -0.251033500282939 0.222552275793729 0.423746337361345 -0.169683256582287 -0.543025663560896
124.056856699394 19.8885112982746 638.543296823159 -0.696653454421821 -0.71120689045153 0.0941207916220238 -0.716556038117319 0.683420724514402 -0.139583514574547 0.567965686427702 0.2601305736881 0.086371618009097 -0.510067507137624 -0.494196146673067 0.382931305577124
124.728305164017 19.9856559764559 637.538854302888 0.607783445200607 -0.58619054654229 -0.535705074541008 -0.791454307156174 -0.392106168803437 -0.468884668200988 0.169467409237278 -0.0867816940062995 -0.0321683960937954 0.0531431340630948 0.153747467754349 0.0347831321214739
124.990230279688 20.8095153831297 637.444182361471 0.134295520589579 0.863613027194661 0.485939556329012 0.0189016537695402 -0.492525012363865 0.870093006337897 -0.031481179463092 -0.179615792430631 0.153821237407399 -0.616879195304689 0.216408726729986 -0.0851558143671242
124.412933472014 20.8888273231618 637.28526502441 0.152448031659719 0.000894312191423045 0.988311083538184 0.935302677272324 -0.323232063444898 -0.143978939578438 -0.324900522623226 0.261573408278167 -0.00261837991804055 0.379085808157664 -0.377648657608124 0.215052256321616
124.306578613582 21.1629539444652 636.404587471427 0.446611997627549 -0.854323337604352 -0.265837089956247 -0.563799952501194 -0.499422844666505 0.657804253393782 0.0264095366572445 0.645312257172913 0.524552801897156 0.137420131954328 -0.00279690958223655 0.928878421426863
122.962993418355 21.4828993517548 636.32217790124 -0.862736177724974 0.462800445977332 -0.203720482148172 -0.0892650661374465 -0.535951986907166 -0.839516060417601 0.4020964173675 0.384396914277051 0.18960947769809 0.22264299029148 -0.676597034509302 0.540596842177934
123.380035184572 21.8566888709237 636.313975825725 0.0302076899275667 0.0688627127910058 0.997168703006828 -0.957118405437392 -0.285571633569885 0.0487155014515685 -0.218058070793366 0.00903401038595255 0.836419001942918 0.353448145051242 -0.0873032651298884 -0.455222777015623
123.208729261105 22.3186030835099 636.069270731949 0.365141388463623 -0.354978226750674 0.860617351076154 -0.715873765136915 0.483922270691933 0.503332880237852 0.369884596787708 0.188214455131068 -0.0858601094456691 0.306848315736186 0.0208374086862603 0.175170237422921
122.796868702711 22.908833622008 635.590565897299 -0.458339260682469 -0.237049970488571 0.856581831236366 -0.601651168478388 0.7921267567906 -0.102718414306309 -0.215664613556196 -0.0618706836862699 -0.220144491792843 -0.212878740196578 0.0981509449448227 -0.382770522880635
123.261498155061 22.5759462140879 634.225292591329 0.436108210545217 -0.306829527756793 -0.845970016955858 0.532199004944253 0.84599588302952 -0.0324836117406026 -0.0601057463472686 -0.0883994323480822 0.027434145087068 -0.216248469961673 0.254651348302329 -0.0164036350605673
122.294224095344 22.8340633404537 635.373121882469 -0.280222280162513 0.520401426557488 0.806633639849101 -0.952452670327809 -0.255443954113827 -0.166079189215214 -0.0725389438362142 0.0784403721868761 0.129869689913894 0.0130048391490074 -0.277463028232444 0.388108955039343
121.965995366199 22.2186696483037 634.413473371626 0.434913172466265 -0.500743581330566 -0.748402564246455 -0.45813631434577 0.592466276216272 -0.662642308506704 0.33424299843048 0.00546074099266102 -0.0403421094328858 -0.2124918423673 -0.461973350619541 0.489001062913045
121.046968747109 22.444658128652 634.552841101028 -0.532384762720461 -0.846467366268012 0.00771117840788476 -0.775144281890561 0.491146429497209 0.397399706906309 -0.511563700749605 0.12623481908936 -0.00184823765132624 -0.246048195961464 -0.212937696303118 -0.140334349394045
121.033657593206 23.2695142441283 634.605672317702 -0.370526183938125 -0.588954838936596 0.71822179353927 0.0229557141097711 0.767218081133482 0.640975390461876 0.40944711977684 0.0197831111971503 0.425849105550977 -0.188344313573005 -0.309391662074937 -0.624386084090891
121.829503654333 24.2322165408689 633.954643899785 0.927709074942257 0.214089311725128 -0.30581307832431 -0.287841890032762 0.931872045593562 -0.220820146227622 0.416086239721774 0.0913462359102586 0.55814821197083 0.640258525555713 -0.624928615111931 -0.184944188209001
121.835610626876 24.1825632068162 634.522654699672 -0.781474310156684 0.503655115175414 0.36827900770551 -0.425382071972553 -0.861882752655731 0.276058351640215 0.306011068446833 -0.370870767473521 0.037741079379256 -0.280579831201562 -0.51405480064123 0.0551325196518461
122.505724738517 24.1996029961489 634.957780952417 -0.742932646425995 -0.221646959731424 0.631604075442443 -0.612689576967903 -0.154813434324802 -0.77501244043298 0.191644966068116 0.287719652212549 -0.25833404493385 0.00993935027533883 -0.0761362404640997 -0.171094286836897
123.490094621486 25.0330210280843 634.825727881116 0.803090766826246 0.445322055183504 -0.395895803725039 0.463574488410666 -0.0495239750546731 0.884672860208888 0.394832701191413 0.106834804275355 0.172098376218809 -1.12026645136096 -0.26453837551472 -0.318697285676223
