t = 400000000
b = 100 100 100
E = 0.194714218026965 0.0415865152843983 0.153127702742567
346.659322779458 -18.7973117987832 -227.693973887897 -0.033614050718949 0.997088908368792 0.0684383255367171 0.0263729676832512 -0.0675682561363118 0.997366029769334 -0.0460198916684445 0.271590213438018 0.133436994934357 -0.0181112991069002 0.651732214037111 -0.239630768941544
346.912452494084 -19.0227658848835 -228.666383020528 -0.582539157272276 0.176564846045521 -0.793393335859545 0.620837768259483 -0.533354861359008 -0.574537254986755 0.143149786253595 -0.169303939492638 0.33793943254581 -0.144195797927947 0.161863511946694 -0.252622718484736
346.877887858809 -19.2105622747812 -229.269049145015 -0.857456594257839 0.282686138057498 -0.429949690454721 -0.509663422363928 -0.351633055443466 0.785237155406294 0.553337653106662 0.0507919070782711 0.270074583711424 0.101245814530094 0.217137858656279 -0.611441365886512
347.276121518249 -19.9917636481643 -229.481384126716 0.533003405387594 -0.702672196441168 0.471337622298436 -0.449724211529466 0.236584863448204 0.861264033817978 -0.494805561706419 -0.160625087371372 -0.00811597085323941 -0.518154947585494 0.169927638318759 -0.0975675051993418
347.239625884537 -20.4382031212962 -230.551768629578 0.235657018978253 -0.610540806029542 -0.75611222287291 -0.666361999912346 0.464818950903584 -0.583013745936081 -0.226487374935919 -0.106312006090133 0.083082283004153 -0.236920492904422 -0.318714788644939 -0.0980620765812292
348.00051898739 -19.8661736486492 -230.859349046104 0.9221461022675 0.293383452032584 -0.252136304695572 -0.337425458557982 0.92877558583687 -0.153362221772288 -0.224926388091974 -0.379467687262275 0.345340244569037 0.225680898219112 0.537120793710753 0.150496650165462
347.828529616048 -19.659395563702 -231.372436918936 0.38008466655765 -0.87677539493225 -0.294619335935256 -0.239803939705076 -0.40104143123134 0.884115287137577 -0.0699170661296851 -0.0521061172602251 0.0626070923704985 0.163420537310694 0.115053871577254 -0.135065106350343
348.542211234955 -18.7357521984881 -231.204587272607 0.615306854912771 0.464180998137371 0.637129088374908 -0.727507052104283 0.645600205291442 0.232236655275206 -0.220969753584778 -0.223372904116881 -0.160241642892518 0.127309627127534 -0.101504093357472 -0.576707380706631
348.644265890021 -18.3295216908425 -231.746107486068 0.267234653386868 0.510898660186833 0.817048467994643 0.931580113054305 0.0798891836496572 -0.354649420268732 -0.104755752620759 -0.173002561853502 -0.184025757468855 -0.0216713080236772 -0.0272849912662046 0.574021633357824
348.529133949551 -17.9733460482755 -232.63458431365 0.754398671170972 0.548827845623411 0.360098098856545 0.327167073381907 0.16121227856125 -0.931113477152449 -0.254643444143189 0.25611634937889 -0.0634734332922027 0.1390221125974 0.151165897352492 -0.398508826154058
347.52545662107 -18.8900925920594 -233.102836432364 -0.919608907428916 -0.39169822616829 0.0298656489870319 0.074307903637897 -0.248101306379834 -0.965879949698765 -0.0951130486682305 0.294045000599078 0.11616806876965 0.138846698358056 0.102730600560291 -0.0208940697141511
347.290180093081 -18.5998203373349 -233.689813748638 -0.952302371920445 -0.188655128203173 0.239852944624473 -0.0101744907159693 0.805193666927137 0.592924648234434 0.428206766457631 0.187661048439661 0.311268700621972 -0.492326502969504 -0.122243770532548 0.174803170454279
347.571239976287 -18.4767424142091 -234.50368980329 0.158577984942082 0.985395706550391 -0.0620348627664126 0.694566721111298 -0.1559890328105 -0.702313670353022 0.195539065568945 -0.467080232501476 -0.23081928538864 -0.491968313242128 0.334462953405839 0.424797076722534
347.031229452097 -19.2091594294176 -235.273472820575 -0.96156187953115 -0.0758409156598791 -0.263907005110428 0.105654326115544 0.784917465746507 -0.610525785976783 0.367615575832585 0.131885092798026 -0.442774471172286 -0.286263004888231 -0.266042670973253 -0.356387897985762
347.619353290827 -19.998173534438 -235.451414662427 0.729701718641945 -0.574566554559606 0.370686762906105 -0.158373534819868 -0.669404571303181 -0.725820462227962 -0.343834826498019 -0.241911300261528 0.160750519804723 0.368699577116269 -0.0217477565812062 -0.188146179087045
348.300426114376 -20.0975555545931 -235.792618919627 0.891989601781732 -0.256069082782903 0.372536139402078 0.435007549920564 0.262033124132545 -0.861456367654077 -0.162741639240672 0.294208190810542 0.411016968536188 -0.241176707089806 -0.696092342199893 0.689653455306557
348.190528651274 -19.0785430593959 -236.160336021628 -0.567291619019077 0.808105231851609 0.158575386657315 0.01167751435881 -0.184645691741174 0.982735775365 0.31796569675714 0.0403590760058871 0.157044486396035 -0.078394223703479 0.0886743487916694 0.221216869210841
348.905136092616 -18.5724300821656 -236.619357641887 -0.209975783046191 0.933834904247724 -0.28959030047606 0.650645285912392 0.35454787880084 0.67153295790304 0.663821248812546 -0.178896212814723 0.147077425205514 0.0519363974528758 0.0542122807546841 0.227760783826039
350.000894612705 -19.2838676461487 -236.4639072515 0.584048745285738 -0.645868367798573 -0.491671754935046 -0.769471431499644 -0.247663408066016 -0.588707527050784 0.177733496153856 -0.0417308386062634 0.179649158683006 -0.343436183092542 0.772598265286367 0.0188929519692116
350.459728363009 -18.7261164771894 -236.21052450664 0.660068075672004 -0.659350866026816 0.359953567775386 -0.750625972390351 -0.597732787956548 0.281560231176409 -0.030016460063941 0.139859291136863 0.290293082044819 -0.348342612525802 0.641552351457731 -0.1467713579303
350.197969965943 -17.9790897909441 -237.255157038213 0.13976839392639 0.959604078907971 -0.244181915381981 0.416207989638326 -0.280694616635285 -0.864859203311541 0.10417608713369 0.00590861881320114 -0.254693464870792 0.465339567287487 -0.305655409261642 0.337522147106346
349.586723474177 -18.1227983626792 -238.057857612096 -0.484986795741893 -0.0196868374495897 -0.87429985496353 -0.28378107425391 -0.942103627131375 0.178631065733249 -0.213038401165575 -0.12169399466584 0.19068746910704 0.185698961782122 0.0405252687423378 0.0305401614140582
349.731346671088 -18.6495468996725 -238.236568237363 0.28320996165981 0.600347558144338 -0.747913716310001 -0.407891510238404 -0.630397247406131 -0.660472426627719 0.0429274710809114 0.335560789660029 0.124888987971074 0.722010082434154 -0.547190968022012 0.280766226068829
350.23574353793 -19.3608466537539 -238.621090238802 0.96586030887714 -0.14622821808413 -0.213848479009027 -0.244499059747387 -0.787406474571844 -0.565872117699701 0.0306047265018931 -0.00569035768281217 0.493190149527542 0.0901416774154106 0.0571177873362371 -0.323027735739241
349.5610281126 -18.9815750003584 -239.272184787594 0.306401641365123 0.856574924637621 -0.415207698190469 -0.709784511310626 -0.0850606309054547 -0.69926435385004 -0.199897468768895 0.136923055499441 -0.353829325529816 0.0727561426369565 -0.680955589220129 -0.158640883469301
350.220124498556 -19.2311661088608 -239.954560142053 0.517627625868003 0.59444179133212 -0.61538654328896 0.300502718243079 0.547113856751179 0.781258308170075 0.0510277717559763 -0.16894818132519 0.184081950811658 0.157155630552085 -0.0798626923969833 -0.0154574982573087
350.267643471033 -20.5222511367597 -239.710300285557 -0.06309676939359 -0.997982129411514 0.00710401836804551 0.411474838273194 -0.032498946544231 -0.910841520763571 0.168406619798505 0.226029066074263 0.0352080032357834 0.354812897417512 -0.100878224006182 0.147724375286833
350.845925438143 -20.2429510582473 -240.024564216222 0.348058618791968 0.836375296315521 0.423475573793983 0.923426383883626 -0.383774277336574 -0.00100876374397084 -0.276633600474196 0.390983856012647 -0.312177616877212 -0.278996838323812 -0.195053261912799 0.46330017101592
351.35833651032 -21.2314741051216 -240.578795540801 0.274136105925805 -0.943579926808924 0.185758760667005 -0.957941397703659 -0.284964952147406 -0.033812048456111 0.041778166812089 -0.118690519619276 0.082735770291553 0.0730100888786168 -0.575122214164853 -0.36789184331926
351.48073790652 -21.2586854959219 -240.984717865963 -0.771627712968571 -0.63592207033752 -0.0139209569997615 -0.612036540461119 0.748249048187322 -0.255997334039746 0.160451318242853 -0.139870175450353 -0.281028550377042 -0.337650298599839 0.0742989526346976 0.366678680652613
352.172013487091 -21.3542573767485 -241.760176678381 0.847515799009759 -0.525583359324947 -0.0740209621619911 -0.112002868380942 -0.313413858669043 0.9429883937107 -0.0435208685799508 -0.0339985991205391 -0.0813423538894422 -0.291568245446321 0.278930893308034 -0.055107685568348
352.101105448711 -20.6582563568361 -241.706037428511 0.590738245855056 -0.70002871506818 0.401233252566933 -0.655991752344138 -0.127151358079414 0.743980747732053 -0.0582896770863505 0.0211984037733592 -0.205093239532644 -0.231485643201403 0.252912307785381 -0.385445252976616
352.707279903957 -20.1236292475045 -241.729840554926 0.832130490428714 -0.482438917510189 -0.27351697893843 0.401063012050692 0.864131024305811 -0.304016501517262 -0.00521243318546352 -0.205192817415277 -0.459638908735583 0.0116902979978181 0.15176451562705 -0.167209717861196
352.404395982974 -19.2979191466704 -241.851004856187 -0.611905914561402 0.180765787171639 0.769996676562888 -0.78833027965227 -0.218267032152729 -0.575234624186542 -0.0217971508608945 -0.0905215949842463 -0.213019143174962 -0.17458482927011 -0.428827129746446 0.417942753167294
353.536439702106 -18.8691102268658 -242.582746930698 0.959169468614357 0.281604846660436 0.0263180700633622 -0.124073726295015 0.502566569108325 -0.855589010014596 0.81711935764234 -0.103076292742433 0.0512411592888508 0.0293812862378762 0.111227607098441 0.284529631238219
352.740337457459 -18.7839131029194 -243.013198810985 -0.554155361578957 -0.125644003640084 0.822876308797001 0.591710954818631 -0.754754720978459 0.283237457095997 -0.234076704630174 0.26012720642875 -0.180086106614042 0.115245379272026 0.399530171758557 -0.0257717394736367
352.808721536483 -18.8090231524501 -244.168616560616 -0.968137371948222 -0.231017630536231 -0.096648245826584 -0.207761837039008 0.525523193983951 0.825021449207993 -0.828000312493962 0.224821081205088 0.220270417748288 0.111548779559296 -0.0280233423841442 -0.639913578453975
352.611383093442 -18.7968975609397 -244.794053779065 -0.199898040345236 0.834632312899037 -0.513254007034843 -0.64577969120497 0.281727460056869 0.709646551940469 -0.64469137671021 -0.474876979233194 0.0390538743929075 -0.281341081654747 0.0405197473354313 0.0703055832180735
353.174145475579 -18.5873081705878 -244.877773973314 -0.0267072293309845 0.916318835419394 0.399557900364566 -0.837748470722224 -0.238591846072743 0.491173524105644 0.265436059619727 -0.300972418208249 -0.138980831215122 -0.621145807970212 0.231184412780513 -0.292066094854777
353.649367686345 -18.7706649090372 -245.540575787802 0.0621367505619569 -0.986349557026092 -0.152491231166968 -0.483145077113245 0.103965710663067 -0.869345711134487 -0.273507380445122 -0.432516269027815 0.333295820799779 -0.498228157667067 -0.078524715926473 -0.459574217894512
353.151732595618 -18.1291330789987 -245.942907413036 0.480049772680284 0.782434641443663 -0.396671460568246 -0.125750989030626 -0.38613331934661 -0.913831356681009 0.33320826431229 0.126386455178731 0.117883001750391 0.272723930445142 0.204876791247696 -0.725587099117558
352.233975725264 -19.0899758626343 -246.377825835576 -0.655032090111225 -0.477221852810117 -0.585826138131185 0.741985924733181 -0.55276795131225 -0.379347439020748 0.300615613861684 0.0786205015521478 0.141081687830672 -0.57890809028827 0.404897111692693 -0.657873619332465
353.200811504659 -19.2548904248226 -246.090827636577 0.61123329907866 0.791372702914155 0.0110950065719412 -0.371946051570212 0.274849814394103 0.886630539877189 -0.0210050456166211 0.151560058184534 0.110836053796571 -0.0240369903792451 0.154474867859613 0.634848129308864
353.575823839343 -19.1836464508773 -247.008346331521 0.467715275956471 0.0198849093302004 -0.883655482083507 0.883765282496956 0.00552878568509554 0.467897807198119 0.00358089429911768 -0.143190103526695 -0.186807084295883 -0.0299244271609484 0.266493917415752 0.265678625590967
354.057709578335 -19.415862838532 -247.296244232432 0.210442816695167 0.344030419128815 -0.915072069084974 -0.577607539872648 -0.711426329173765 -0.40030252065891 0.142023775606223 -0.211005960944631 0.512325262200765 -0.323202472827115 -0.353944600416157 0.186472360730712
354.606633667218 -19.8968287006573 -247.139058470457 0.0232681104793142 -0.684551243881719 0.728593295013302 -0.997609376761326 -0.0633341112854399 -0.0276463695242151 0.195331011897909 0.282352632418044 0.0506575959214197 -0.224123702935421 -0.182607034554152 -0.142210708094764
354.249003927325 -18.6005579331386 -247.638929823674 -0.646650782490893 0.49524554171979 -0.580150514021052 0.235408641211705 -0.593870863421491 -0.769350485299101 -0.129027301470771 0.274855939554225 -0.132163327591057 0.37947826958363 0.322206780616618 0.365605287947554
354.652044919087 -19.4352127708293 -248.1986623595 0.122826874594791 -0.992405979098754 -0.00662808593840358 0.887473849398698 0.112824083804892 -0.446834301221471 0.125593085236721 0.613767624024856 0.0659452042279961 -0.119328082699012 0.262236901964707 0.211934689018493
354.88749672671 -19.4089563721342 -248.704815074999 -0.888986137452175 -0.0825755013127711 -0.450427501389213 -0.0634309787934987 -0.951921419437309 0.299703390303734 0.155520569093776 0.12919476598376 0.144631073282941 0.0848280348429308 -0.442318992410002 0.529315282602025
355.486324145625 -20.1845215951635 -248.608220786545 0.97951273178373 -0.0388922973233688 0.197590985318352 0.200448737954934 0.282656937184538 -0.938043367501065 -0.0720025685310951 0.533804051663567 -0.306891422412319 -0.309410821616265 -0.692437959578835 0.142134935448869
355.279432631899 -19.272842836113 -249.292674316625 0.347782194541007 0.924428742114416 -0.156457808715573 -0.713073845237634 0.369145451145459 0.596034669405603 0.124457917865734 -0.107369380034595 -0.313247413144134 -0.364692826186981 0.291973696067978 -0.104759139620885
354.618989620151 -18.9119486447116 -249.462133964541 0.0357960691150359 0.97364584710055 0.225238553225598 -0.18514750019669 0.22794241774659 -0.955909335325412 0.205804339105341 0.141093696610058 0.268038488284514 -0.0986363310696318 0.143293669668412 0.610006170884583
354.072175266628 -18.8490619050046 -250.372251869532 -0.523586099722596 0.579736193876513 -0.624310452973237 0.758436423341519 -0.0166505197548223 -0.651534306038676 0.237963269495307 -0.755007369653783 -0.150406459467375 -0.403577681386419 0.290385213883993 0.521823590751085
354.262728785815 -19.0069011045278 -251.141969816728 -0.0403846059648944 0.566348004330701 -0.823176178953331 -0.139271621722004 -0.818996628241344 -0.556639864110849 -0.394717923365519 0.302412084329743 0.0503195150500529 -0.000251704747100492 0.373119102330165 0.0582271200654163
354.728549529312 -19.8385447667891 -250.532602829106 0.953680611470365 0.131454292832958 0.270579120037141 -0.286340492503546 0.120975702459907 0.950459889613981 0.106306900442139 0.472005264025801 -0.149389606492069 -0.0962705527277588 -0.238552469965285 -0.389008179869686
354.646979615749 -19.6018473724401 -251.314250965518 -0.695898953607791 0.680611262203457 -0.229113413255281 -0.2179082123188 -0.504120376819854 -0.835690526858874 0.0473293150383785 0.270628904808937 -0.421490059289864 -0.186001816022162 0.651044728430979 -0.120794370006668
355.386697236947 -19.8608999794143 -251.66530813677 0.800000808620514 0.134846153927969 0.584649656614741 -0.115493680536281 -0.92158645102863 0.370593609011924 -0.372582393403981 -0.108806006818597 -0.130734693905838 0.194807722539777 -0.106147955690164 -0.125695282992306
355.208496424069 -20.6328844669093 -252.570442060278 0.730011324371818 -0.67404274651372 -0.112915199015305 -0.185343116194595 -0.354279204310501 0.916588334354791 -0.0995539159500049 -0.0863790739620313 -0.253863343828928 -0.185610777604688 0.0640173966150706 0.438447649591598
355.535697894431 -20.5600600032907 -253.212656734348 0.978392882686454 -0.176739505297071 -0.107287065286641 0.0977074427047956 0.852554351371305 -0.513424126430602 0.0535177018192094 0.749614427033176 0.319859455709144 -0.0895407184409258 0.465690501835136 -0.0331435143493891
355.803484782925 -20.0818342916815 -253.046645549994 0.188729265605463 -0.368982964469706 0.910072984013786 -0.444855784650127 0.794065556647868 0.414201910433077 0.474053314444831 0.535923119434356 -0.353358595164943 -0.266398240639469 0.0768966161548822 0.266541176241651
355.52942276223 -20.4112899573303 -254.285422024708 0.551719119298009 -0.356381250815982 -0.75405465151081 0.791780051478682 0.507917806342435 0.339269586137272 -0.29079453300367 0.235755164592575 -0.318964547913364 0.13591950562667 -0.0311826620925404 0.0204903631839273
355.036484910978 -20.7733369875939 -254.160529808813 0.640120005011827 -0.394667248370553 0.659154111155834 0.766850055495715 0.380452837955842 -0.516910660059656 -0.0808390090601636 0.509433307650589 -0.452761695086616 -0.389942597895786 0.12619233714714 -0.0788924854933831
354.944115117472 -20.5713375998157 -255.476339999348 -0.276924360367988 -0.0320036554262338 -0.960358612536935 -0.960719944335609 -0.00967561099602793 0.27735098901676 -0.0185286674915855 -0.360349989840518 -0.145552069550863 0.0746939252956988 -0.160459059964816 -0.0262648201343115
354.433941279641 -21.2887646032784 -254.952632352993 -0.444255481427138 -0.429910880609761 0.786011260708549 -0.518023593358946 -0.592544096006486 -0.616881715580424 -0.16395031585619 -0.171255961046158 -0.000698830015686876 0.41908308640751 -0.164851904185741 -0.295178394303654
354.106663080897 -21.7574385325854 -255.862677412773 -0.669546530656304 -0.742403803376375 0.0233245795368905 -0.454638946372074 0.384785176090624 -0.803270687063596 -0.372277100250085 0.153877244185702 0.370816085837437 -0.146049846956922 -0.183384714544177 0.508106206183505
354.889354118993 -21.1787080068176 -256.358760523729 0.903090186407031 -0.0209938639428586 0.428937492994439 0.183422058183542 0.921975344951906 -0.341053972093988 0.371800122235173 0.340817537751118 -0.0403623274679698 0.0181000770527578 -0.0587767946296492 -0.600795397637315
354.866598098142 -21.4724493564708 -257.238351168201 -0.50968490298988 -0.251522969245895 -0.822774267708744 -0.372647126751027 0.926493303430937 -0.0523858532162349 -0.108961553566302 0.0266023242163929 -0.00434767549087888 0.0503685446432957 0.169339826107034 0.473182603869813
355.01162594631 -21.220586056926 -257.873879275516 0.0772218404498593 -0.690199651202554 -0.719486781559998 0.458192610766 -0.616354364427348 0.640442681973508 -0.32852899203278 -0.397928511248369 -0.605005584288689 -0.351240347447609 -0.163812267314935 0.0659339222546948
355.509137785045 -20.5399659918181 -258.542791319781 0.0160052196579651 0.234417906483818 -0.972004155377209 0.998462717754625 -0.0553410013404704 0.00309432158748489 0.293279396991173 0.0241461196091808 0.118395919881692 -0.768017224620098 0.546737103609118 -0.0800746824872738
354.639512552839 -21.2776576048959 -258.719505538567 -0.816474800947275 -0.516745029902023 -0.257572268463777 -0.518915032887621 0.461125726992239 0.719784865458268 0.335104484101181 0.459775704419508 -0.223661281893312 0.0376656259466688 -0.18176805712102 0.0725957034097136
355.087719705152 -21.7490598440162 -259.257781359363 -0.708296408409622 -0.583418145430295 -0.397415985362481 -0.0929333156804504 0.635145585325497 -0.76678124930356 -0.00343814926764124 -0.197993840677413 -0.428507339983477 0.197517829152158 -0.841568210456164 -0.0444737209896814
355.42756257973 -21.2474492987174 -260.046227055071 -0.336570342727796 -0.363731191940518 -0.868573557276236 -0.926716476974522 0.291607361220153 0.236984637013814 0.339703558706421 -0.462700031991975 0.532892813933529 -0.159973178937946 0.107715243166697 0.349670807205204
354.935665430589 -21.7468482991402 -260.178160803998 -0.894701609444787 0.190171239511569 -0.40415829784808 -0.395989118371776 -0.756321470237135 0.520740292073709 0.0586504241021385 0.0787665261540118 0.0726646824983458 -0.275875195554341 -0.0180930160266226 -0.0479779715210224
355.661599281218 -22.2989368560396 -260.381641747291 0.610255014392482 -0.101416891420324 0.785686598809299 -0.779134266717181 -0.256250330269934 0.572088771667886 0.337788430171556 0.462691196968573 -0.497514883454115 -0.153807755802164 0.2465590811255 0.110899047741981
354.957073535389 -22.0458228155703 -260.920251733458 -0.0411834225111256 0.297527359870961 0.953824614821 -0.784125869947933 0.582019578032691 -0.215406199689911 -0.0703714197524959 0.0163087734802284 0.337485120748482 0.44390338626317 0.681483222386576 0.0794281398208343
354.816850174866 -21.7169466316011 -261.910891981309 -0.878924812764123 0.458105442727382 0.13278018248879 -0.0148629788972057 0.251946882896637 -0.967626921941514 -0.0361976587031028 -0.180712496974453 0.0358188855586357 -0.0445747910206462 0.514302544004152 -0.146226549189383
354.68885741616 -21.5953240351423 -262.80254719599 -0.307604929212397 -0.27965017491268 -0.909491609197737 0.913916684384719 0.179201059515822 -0.36420224364369 0.211511532864354 -0.600023881805743 0.0169426188943431 0.452924248569073 -0.15861105274588 -0.427219199265106
354.528342840941 -20.8090969296719 -263.199519347004 -0.397472355393079 0.853445493425227 -0.337114989937322 -0.912355503809526 -0.328283569129633 0.24461670609645 -0.25461169481451 0.988489379678203 -0.108240933466642 0.265004556160044 -0.189404354391044 -0.478394736331692
355.06293055475 -20.8863881952914 -263.281973488435 -0.675619507422075 -0.140612289240054 -0.72371711690636 -0.262712804097738 0.9631216383832 0.0581265192232597 0.349132897773286 0.0910446098638839 -0.307394109745625 0.138427929533069 0.527373011922874 -0.262079525683357
356.076778959803 -20.9333784988525 -263.122798084945 0.271582545883803 -0.791587072215025 0.547387274130996 -0.207217661305417 -0.60351952206432 -0.769951314913047 -0.431115295719608 0.184713790204024 0.346421768872722 -0.219384510916776 0.31399418328693 -0.0771046394875247
356.068867371825 -21.1318456983578 -264.032427860684 -0.579285207765662 -0.806900120678816 -0.115502568368942 -0.321464967923323 0.35636492154264 -0.87730514479659 -0.390468683408944 0.334274185197409 0.590516823045491 0.367616372378054 0.321653671663121 -0.184032635664391
356.76029656962 -21.2617889203785 -263.700745210715 0.285120657201207 0.539140530009386 0.792485772575423 0.874872006797168 0.191362693854812 -0.444948638746043 0.186985593045134 0.0188216093140466 0.143009444715694 -0.159185586047154 0.101996257710934 0.0748577654070349
357.386197450117 -21.5361151131606 -263.985658950542 0.214551680386159 0.876109421618331 0.431740498205022 0.975797977053195 -0.173146598761733 -0.133561084579739 0.229658840898666 -0.71676120412848 -0.124704816301584 -0.238343486505297 0.340128729626745 0.786785341986261
358.030921741808 -21.6940029958977 -264.21823000827 0.141684993380548 0.660345747006869 -0.737474648416851 0.816917375552676 0.342756979601474 0.463857364341888 0.200290921978441 0.186742462039007 -0.554143881226965 0.0837503366298333 -0.100560589417518 0.113023908958489
357.537888705264 -23.0155461089734 -263.654700402398 -0.255394270672344 -0.748208107032339 0.612338464473372 -0.70086841119229 -0.293001802145047 -0.650333310024923 -0.53561093143506 0.0751920505943932 0.524461213249004 -0.137462003564181 0.116900497648014 -0.449537536241889
356.771512803124 -22.3663342321635 -263.782401007492 -0.441987696021116 0.456621599847074 0.772103355206371 -0.765726720931738 -0.640398064925326 -0.0596062689161212 0.200924689668591 -0.0900347169579956 -0.0264035389188494 0.374457017968952 -0.0966847794942272 -0.456994108122049
356.896992748568 -22.9178773811674 -264.811647429523 0.826042305871852 -0.455984777163817 -0.33125819523091 0.49012854319705 0.291000628528397 0.821640216481833 0.068935253186463 0.267323872352138 0.37576177216398 0.0181547352378922 -0.212051008855084 0.327684722294356
356.919739787732 -22.3293508328343 -264.986153129245 -0.759853513734252 0.0349091714476404 -0.649156365919466 0.382409949088019 0.831523255345535 -0.402904091139402 0.0367631760715591 -0.425036966431298 0.421461867027611 -0.00448736511811552 -0.11113898290447 -0.0024472096931257
357.867692704892 -22.5332756677026 -265.31267394553 0.216308674546437 -0.938253846505367 -0.26998199352088 0.968055847285042 0.242027559783902 -0.0655021895514974 -0.446828647565277 -0.528071300530128 -0.163441043047907 0.224161324045247 -0.143907719580058 -0.0272540403034105
357.061006426153 -21.2739254284341 -264.966382711558 -0.517623529853547 0.844928636866676 -0.134764535193238 -0.0113654787109268 0.150703319278098 0.988513700183358 -0.19165124531948 -0.298823358223268 0.457783948516398 0.0674453643878625 0.156811365236812 0.134409341155605
356.941758245404 -20.8354677789269 -265.458206409695 -0.72159464492255 0.680747796906933 0.126030176624176 -0.597378952555685 -0.520230694467958 -0.610326479493932 0.130247842681196 0.349977738575998 -0.57416329781023 -0.0474670776305946 -0.475876989931931 0.36281797076846
358.283380155686 -21.1379237136889 -265.385709933038 0.744756619859238 -0.595935711630144 0.300330159624992 -0.0748161893845101 -0.521768452100323 -0.849800106024317 -0.0818029674063239 0.075144542456946 0.103712777029285 -0.0460762284803193 -0.383965968987888 0.250950342142113
357.82205331674 -21.058372271815 -266.380069849792 -0.270078739981754 0.793871800658486 -0.544816518042057 -0.757785634488244 -0.524334445204547 -0.388373945750862 0.1397193780271 0.354200020342451 0.0907243152302917 -0.562553507647437 -0.347607436199794 -0.163085652339813
358.18188909144 -22.1011743914634 -266.391676276578 0.827428568720177 -0.41251567399505 0.381041706865518 -0.374395339969624 0.100507999402214 0.921805983634418 -0.634296862695252 -0.274525223671356 0.419325442295927 0.227303673368167 0.0118910766189548 0.386226500130709
357.11488877955 -22.5331043876111 -266.793073547935 -0.679002514544867 -0.303777003599741 -0.668337577369138 0.562207194322963 0.370268880165659 -0.739475508066797 -0.0351957262714717 0.0122187880534171 -0.0485337151103883 -0.0282651241496998 0.576907596195856 -0.0659981791386092
357.515377403694 -21.8685682223846 -267.494799495674 0.512985057835077 0.0794826679557762 -0.854709796324973 -0.659171497590078 -0.601331356717764 -0.451545718829987 0.531043889421064 -0.572688159112607 0.491404175800815 -0.640829537658198 -0.0432003099308325 -0.0424552136461765
357.773987729155 -22.1069968251917 -267.902207651425 0.677338120946042 0.6094027636123 -0.412118116101541 0.508606928743677 -0.792654122840595 -0.336182143462154 -0.742686472369589 0.121632000341572 -0.00467069640113259 -0.192314909023288 -0.252445842847189 -0.229386834608559
357.713898078366 -22.0662484633654 -268.788583921961 0.209665537203749 0.609648117675894 -0.764440668153893 -0.928604944008175 0.368955737105921 0.0395540392546079 -0.149916010633586 -0.135359628959677 0.127022796836201 -0.187060415033218 0.393387487800164 -0.224916415723339
357.261641548945 -21.8261810720659 -269.29003974943 -0.0108711884673852 -0.383341740445598 -0.923542596360214 -0.479840746984704 0.812308748546937 -0.331522781363958 -0.0639518320852863 0.0654621440789499 -0.119962781556585 0.29988704607634 -0.0418778322978029 0.383961136092185
356.984606250912 -20.6204514854968 -269.10495177871 -0.756469098952935 0.564369225917919 -0.330517592830466 0.633392457887992 0.758114186152948 -0.155167248634669 0.104292453476603 -0.0986940017669702 0.051346373099809 -0.971530607043712 -0.198018726827485 -0.177182767049043
