t = 20000000
b = 100 100 100
E = -0.728677719618413 -0.874005474854826 0.145327755236412
61.7819271376032 5.05206584924836 153.359575173115 0.265838892040402 -0.937843504583836 0.223112627141434 0.53555482789711 0.336115237007667 0.774730645946088 0.467770714364772 -0.11234724050297 -0.608790894432013 0.232851953445696 -0.0861435732244091 0.403574823928169
61.4795036342927 4.78074907780678 153.504044521618 0.727758256077415 0.118341379321202 0.675546622115317 0.445091760797883 -0.830890450365229 -0.333937694729941 -0.324449290022861 -0.189306400365582 0.28952527808142 -0.459931171162932 0.368755012800768 0.0753007463622462
61.839954300004 4.48814763467414 153.332154913832 0.159945685528039 -0.166092462240387 0.973052245085698 0.438885378429639 -0.87098868663705 -0.220812889907354 -0.32579394154262 -0.505770056282495 -0.349522531016075 -0.0691909994804786 0.027377369717462 -0.456571267766869
62.2794944493916 4.22260634926702 153.355566989323 -0.363982228382183 -0.373820562875848 0.853097370874899 0.673815163887811 -0.738026930921712 -0.0359078563722654 -0.101573596900874 -0.508491367531258 -0.160594816872741 0.482519313388355 -0.060259088965067 -0.0610815027855708
62.546549217242 4.65065142092727 151.999549592197 0.38641591179204 0.643657030088581 -0.660596980564281 -0.904195459283523 0.123056006903478 -0.409008301352584 0.0147395788078367 -0.751570907147551 -0.533653604119031 0.357865154717094 0.209217067029193 -0.00703646240737519
62.1939821653419 4.91824542112945 151.876300136586 0.454139464712839 -0.137589579054304 -0.880242270244069 -0.863657742361588 0.174599523806614 -0.472874518602388 0.289469314628635 0.0954921470705357 0.0876277759795829 0.53824430546188 -0.194617196126443 -0.061267692196857
61.9421508905273 5.16925763850246 151.679847137608 0.157485134139623 -0.84272724528258 -0.514790464735616 -0.899359543963339 0.0929070378144957 -0.427224405911402 -0.488355031174735 -0.00900348766857957 -0.464113899425519 0.510637341569178 -0.553448289827929 0.316102458880907
61.7065209664452 5.25514082379714 151.228683927626 -0.418979448039126 -0.815268858394545 0.399741054499866 -0.900902213951418 0.318330994940512 -0.295026403153219 -0.213611323169329 0.0672505779242251 -0.433799017823371 0.290729606882606 0.907068616319723 0.00171925424624744
61.403831496468 5.16157742186744 150.86028435575 -0.511431248969016 -0.327126055156046 0.79462357227585 -0.858703256648605 0.159403124654229 -0.487051702462725 0.130751404281755 0.314069364155844 0.202011109680495 0.0582722757693219 -0.368203004702779 -0.207050588508771
62.608486227626 5.23770785702306 150.566679221406 0.880829690446392 0.461204040879075 -0.106910659451747 -0.0305071208110429 -0.170057776057638 -0.984961759857697 -0.0160058494900046 0.179827794850562 0.413993452853047 0.165840927250435 -0.0723779288070746 0.330197168986775
62.5933224177569 5.54998951597117 150.145928695924 0.792113313905429 -0.608049714847702 -0.0532169353472594 -0.116940740400091 -0.0656097112434381 -0.990969338085102 0.217812098423961 -0.312403699331125 -0.291879678431476 0.178785449696163 0.490489282804531 -0.123213603343386
62.8991799944746 5.61847775773756 149.801597782508 -0.139094392318167 -0.983962957265948 -0.111667581480728 -0.18715021873682 0.136851102912368 -0.972752060526335 -0.0863596750456386 -0.155743042899694 0.38511663509522 0.116193398642526 0.118864174319001 0.126296296245763
63.0289512764037 5.47346633577554 149.318266298497 -0.816902859673668 -0.571202663893594 0.0799827144930114 -0.202282621754663 0.153866265469741 -0.967164367254019 0.000406039685339939 0.601425693265003 0.0452196782180638 0.0842637855670854 0.325320166328035 0.0101618435374931
62.9783141665028 5.26062877608762 148.913766205406 -0.976444063635011 0.169816563078948 0.133113956802071 -0.0964722241999787 0.208232932772205 -0.973309897034825 0.0771681981929213 -0.188556940835541 -0.237942854030886 -0.0790751733463094 -0.249291116797709 -0.536412376659291
62.7945550566687 5.07914643048244 148.475631774443 -0.413773233788952 0.889874852007854 0.192131358094665 -0.153940217734476 0.13961529894396 -0.978166641050547 -0.40917144136556 0.397498238277543 0.166816384168159 0.227055728013793 0.286489766950027 0.183705148114864
62.3887811785465 5.19269690434163 148.084349905701 0.329583358849079 0.942042446445917 0.0626964007192037 -0.434268910924619 0.210228398518164 -0.87590783388446 0.490892504460513 -0.419902309629338 0.29501819635613 0.144150347576949 -0.304083065407117 0.21567733580305
62.008902487704 5.4708660746974 147.656365779523 0.839463299129465 0.534162725051332 -0.0998576616032125 -0.175293253357778 0.0922438654810414 -0.980185362371937 0.322284492056156 0.472797472330001 0.382897732136205 -0.172293148584459 -0.108058656680978 -0.431180811930816
61.8328633435879 5.65374251093595 147.126596864235 0.916663861026585 -0.395842796707209 0.0550985134338891 0.0716150622303907 0.0270565064623944 -0.997065307951527 0.200959759859786 -0.190148354433459 -0.662495312642004 -0.504180814058787 0.00379005395146122 0.509299557738009
62.0884052292933 5.78115549904665 146.739292396226 0.183764114360048 -0.982391334186418 0.0337345044120704 0.0413307097150348 -0.0265664608523822 -0.99879226848826 -0.392045520287902 0.0114606685415617 -0.0325850785737417 0.215292856773467 0.369061548441393 -0.134165895628336
62.4362165575446 5.70582246035387 146.360134363783 -0.610297113975386 -0.747632959106093 -0.261882399427322 0.0911620702144976 0.262107929672016 -0.960723118362643 -0.265808639794234 -0.0957593227773014 -0.200894443296855 -0.151807924636206 0.157906441695334 0.0227916145583715
62.6233960035719 5.53854928644309 145.943852854294 -0.97286213452062 -0.0353057651081365 -0.228676125045416 0.213615919838508 0.242768150892472 -0.946272615953518 0.190034827161556 -0.0677329599901635 0.187089976880467 0.557372268376825 0.322481506261838 -0.114613029820965
62.3483775946856 4.88922548412432 146.578036326675 -0.814590384203728 -0.0760688522443299 0.5750269869151 0.0441804359997553 -0.996620288999797 -0.0692537986538178 0.163744137441364 -0.171324280645787 -0.279753349388932 -0.796827702769134 -0.246419459897196 0.0826025501632086
63.3322765061455 4.93671062816903 146.895326033148 0.730258780594834 0.667602527941315 -0.145013716768082 0.673648849548782 -0.738987437241569 -0.00973627757819559 -0.179459512194624 0.363355560451039 0.514556692860352 -0.370522713390883 0.239867600999227 -0.413933064087898
63.597897231979 4.67840068000472 146.593091915745 0.5910512536593 0.405453324834196 0.697327768648705 0.572795694970589 -0.819649607814702 -0.00892256869055135 -0.119134703208103 -0.593128421497242 -0.244801195572127 -0.42025541395083 0.283360166522114 -0.237443435680926
64.0097996701664 4.45570949007046 146.519497076186 0.187373480474815 0.286996989901739 0.939427435517287 0.559246614939157 -0.817405078157009 0.138174389387526 -0.199320537422504 -0.143769233259887 0.0759725201583367 0.0195487782374313 -0.0678635682376194 -0.478982808791535
64.7532996996186 5.05584979592994 145.966923726165 0.981308824206449 0.116884401985259 0.152875858485251 -0.171645136347615 0.890815090853987 0.420697541085619 0.372122075610955 0.117515271800375 0.0451769322282158 -0.000762082908613158 0.447104593487439 -0.200232716380125
64.7867911562947 5.38683724523246 146.352153553979 0.756868273921849 0.303597428516148 -0.578773718588397 -0.161651094860925 0.94500544517514 0.284312560607247 -0.318813008891129 -0.251314322234026 -0.175348938912745 -0.245642255489274 0.261045665872389 -0.0248472004742746
64.9943000316364 5.76960772853272 146.670342516404 0.0381323158440321 0.183322474242783 -0.982312983181042 -0.0505780994859184 0.982122020161346 0.181323449582038 0.271240444258854 0.767570144719179 0.396413204448859 -0.101323815669332 -0.155556303265389 0.305920959084673
64.9822777530936 6.39949782761249 146.649083258171 0.151513532060896 -0.236558525597189 -0.959731063146619 -0.189942106077986 0.945877634229806 -0.263130190972237 -0.414665806212497 -0.528093261073163 -0.123405757264009 -0.707676113840362 -0.283164797310244 0.318379083724506
65.3162428435875 6.91356717571708 146.418679258604 -0.440114127282428 -0.133775680211188 -0.887920955011844 0.290826446824969 0.914303116394506 -0.281903865132367 -0.0815729054019724 0.321868583749474 -0.13648266767279 0.581266833818593 -0.397466593299232 0.489269914041624
65.6608735400325 7.26750673072708 146.190374175886 -0.896710928120618 0.100692244804955 -0.431011117285496 0.318602408648303 0.82280323332282 -0.470624419717831 -0.620053786526931 0.0680771733896275 0.0675134205267651 0.227675144048426 -0.188613413395194 0.371051589123109
65.8667325937211 7.44782112028841 145.7541418659 -0.85060549982707 0.471933184204993 0.231839067695031 0.244151352709127 0.745009084669494 -0.620766929474642 0.0434094680545722 -0.0603215164777841 -0.358156104406355 -0.276420654319131 0.441828025689398 -0.369879741047473
65.9519976377015 7.77464874834897 145.388835645683 -0.480752832210839 0.387511454059256 0.786582219029018 0.247971826626842 0.920513678991348 -0.30193466178468 -0.00822333146084387 -0.0404816837697553 -0.485981686862475 -0.017053662391781 0.448673762686794 0.725123760989983
65.7443904261044 8.12013914425703 145.223308037267 0.449466786130925 0.402712971373379 0.797371852307081 0.0976273957035235 0.865125079705154 -0.491962892982152 0.301829653713293 0.0180148011519725 -0.399786636758069 0.239596607827144 0.223447209285386 -0.287665115519956
65.7435076652343 8.63982853003391 145.198182994256 0.948967624458901 -0.200421484614747 0.243498821834061 0.309010949692792 0.745214937074658 -0.590903486647484 0.0592089355610251 -0.282833926221071 -0.349699038010502 0.612351746264757 0.0366119781997947 0.516016537517937
65.9425121221836 9.15330424399882 145.156790281949 0.724823831049223 -0.637433096890821 -0.261360786902483 0.474325089085624 0.73686539332894 -0.481710599818155 0.318465905212328 0.280150332540302 -0.374242734974212 -0.0629198999696417 -0.0565842219619428 -0.236316535592437
66.3446028782583 9.4461904620867 145.055740828194 0.0602959753043857 -0.748137894508168 -0.660798067613517 0.475440049647098 0.603610309409015 -0.640008869911611 -0.0069538733435503 0.316459148394533 -0.135871353506554 -0.702700586034117 0.125367763250427 -0.454653336343557
66.8695616017684 9.48123972260592 144.730549600595 -0.658414815471028 -0.340224885037428 -0.671369464877208 0.427231820256713 0.565426690759059 -0.705525073358339 0.183893072512606 0.0329525422870402 0.0490881362378342 -0.350766803059672 0.696169623060323 0.323284868309936
67.069462897978 9.44766183697099 144.26381329576 -0.950464605411299 0.261114985300447 -0.168629766978994 0.278007943971653 0.471469735412186 -0.836915689707472 -0.0189403785247321 0.102510736035687 0.0935707400080401 -0.0213521409455517 0.0868202552800068 0.627601584192172
67.5116492444008 8.80990171442484 143.577269440963 0.102884019038804 -0.986374495383302 -0.128375361663415 -0.882807291067343 -0.0310799383753331 -0.468706010488442 0.224303807802829 -0.0178662883370519 -0.194693959825302 0.403508674714737 0.0521581163433323 0.177176490631995
67.3011567024216 8.62872426803751 143.178482057236 -0.388818760744659 -0.607026590037902 0.693064708581189 -0.901761014003484 0.0965847580158288 -0.421305658807156 -0.234214850974846 0.366722685827572 0.519334245379724 0.209319337891147 -0.0118125086566031 0.0353064073763017
66.8722130176754 8.46366804484913 142.923481191751 -0.367374949871357 -0.0527050620808423 0.928578387987584 -0.930072817074267 0.0203368399097737 -0.366811897138105 -0.44853230943484 -0.242490580291494 0.423072282720739 0.184102747424885 0.310441900602103 0.408701368794019
66.4311363170941 8.24102239942145 142.902963178094 -0.19617113551015 0.85426987777836 0.481393665842382 -0.840648398040034 0.106218652054045 -0.531062961265455 0.308018913638941 0.250325892699294 0.192985403719423 -0.165791810178767 0.176009479371827 -0.0167159796545548
65.8607021018937 8.35443894930302 142.726366901619 0.11977184048443 0.843610650216966 0.523426954852591 -0.890590791301467 0.324292359384536 -0.318876948198777 0.121403534279993 -0.632569109698127 0.286630764082425 -0.253301453356714 -0.292711287403468 -0.439924076449856
65.7367523929099 8.50315595584776 141.690188849061 0.0128688538449085 -0.302770449843471 -0.952976624739899 -0.696229790027935 -0.686781226219746 0.208795657973898 -0.280929414587582 0.0613362781877657 0.095694548379341 -0.142989935191271 0.302418029735454 -0.398891617153135
65.1908208505375 8.38684463259604 141.578656970104 0.423942456629324 -0.775384266909345 -0.468029947863835 -0.782830023485107 -0.573592882305083 0.24118117608918 0.0251300831170695 -0.538681100890143 -0.356389587796427 0.039285355999046 -0.143987929269385 0.251998504415714
64.7897264416433 8.14198174904658 141.375832149475 0.648850356668714 -0.705326311830003 0.285496074387841 -0.759243056336509 -0.575258760905993 0.304347399209243 0.0788733232814594 0.991329981301941 0.0216721235953285 0.293482777008616 -0.161525774709918 -0.259633073506691
64.5385599284857 7.59366190919478 141.315049542256 0.595209071095035 -0.324796672467687 0.735005634834841 -0.618591707418025 -0.769017367472093 0.16111048394989 0.126669730141519 0.135170802217205 0.110259051522317 0.841803847262492 -0.000528541060454134 0.118964954651141
64.5068036982535 7.05760521624886 141.446966892307 0.0565076326794431 0.186362937447473 0.980854598293555 -0.53850275668193 -0.821583289436493 0.187124770040413 0.0245510120013499 -0.450298729143868 0.0704848314668393 -0.132724342276655 0.232047185958325 0.222351728940872
64.373043653372 6.55697156702991 141.64135931493 -0.393976947541622 0.560241538901669 0.728636797652958 -0.69032343866692 -0.703760416914659 0.167853583846091 0.369110566335449 -0.0848998504662612 -0.23611681266477 -0.115019375089217 0.223829253644624 0.345936771884777
64.1584563487611 6.18735725976694 141.939744378239 -0.671670279889233 0.721849921873118 -0.166708504294664 -0.723753530628654 -0.687404765236601 -0.0604608603270405 0.0328901632599935 -0.32133064137681 0.163781326612555 0.657913073188416 0.19412190582608 -0.180610245126441
63.5785059547019 5.88835282096222 141.314568604008 -0.348417787551129 -0.0977870071972587 -0.932224622363709 0.163716688929755 -0.98560449496201 0.0421974558027378 0.01622321258625 0.0618635185387935 -0.225524710444748 -0.304361356548068 0.286623244852337 -0.0608127561205828
63.5109656377266 5.39999621778013 141.27145511408 0.340039284018882 0.307211927796172 -0.888816132135407 0.342929116141622 -0.920562296964948 -0.186988445389417 0.176409563238898 0.361230108969158 0.443095162509171 -0.222395069532892 0.50343642934032 -0.0591257847032743
63.5906906853564 4.99108923795542 141.045709213121 0.924525861688427 0.376149022523101 -0.0613501745986607 0.38026403889566 -0.921199413322837 0.0824069269838124 0.491295473081409 -0.188338718300314 0.334944825137872 -0.205603377832672 0.37884992294431 -0.285837298223133
63.0917127732598 4.59520123308741 141.750805052783 -0.845969476836792 0.485272312175479 0.221012278602868 -0.345983924058236 -0.814918416105343 0.46497645035225 -0.0711767946100991 -0.0115826641853167 0.0809819947555369 -0.36158683628453 0.03716935874962 -0.566265716564468
63.061547786079 4.39995932364829 142.271661444242 -0.889152341199789 0.0330443359618673 -0.456416680237475 -0.278382475901036 -0.830664939537287 0.482181454778855 -0.222468395624822 -0.396334081928745 -0.0479287583075877 -0.372051621429279 -0.227276806088004 0.113703265757911
62.7440579916897 4.11856702586897 142.617834344197 -0.274459714507114 -0.132068294662818 -0.952486131477774 -0.170058421477208 -0.96824452105451 0.183255779535125 -0.398094164217752 -0.163932878235997 0.12301521975589 0.494683766072708 -0.211216969906735 0.118709992979127
62.4902228352434 3.54517746384266 142.656395108427 0.590328155656333 -0.130945796341056 -0.796470882745236 -0.0994045584390363 -0.991035775740868 0.0892570723546641 -0.0098424373455123 -0.15448298012705 -0.328492788690893 0.0852222824110834 -0.811341745978718 -0.0366460391318067
62.2844870869732 3.12604905759975 142.373216326313 0.992404990301677 -0.0374416609555999 -0.117177033790086 -0.0469060220117743 -0.99576387600618 -0.079083047101574 -0.117836283549977 -0.272833452845542 -0.201865884190548 -0.493339561822948 0.38761310972422 -0.325724205237062
62.2875616309593 2.61307414882392 142.230843732288 0.84569198095832 0.170246587583322 0.505787675569447 0.163835641254068 -0.984807811778662 0.0575452562075722 -0.0354572752458909 -0.134964795977218 0.0920921470721976 -0.105403176601333 -0.257861289452031 -0.211081281963413
62.5953287234371 2.20830914055679 142.155766157903 0.35345968842276 0.252091896693766 0.900841786487269 0.361022193645973 -0.925157770696334 0.117243656611238 0.241286360272184 0.0362580744893869 0.0739273716023502 -0.352953231704637 -0.153384150325558 -0.0900438838478087
63.1928126981197 1.37440963923717 142.233866519528 0.895517629018198 -0.0959759687988647 0.434553551971171 -0.416841797965082 -0.522875642589234 0.743534785908934 -0.107737020444387 0.32580132540786 0.529197961561108 -0.675133936652966 0.126869592441057 0.0286068872031164
63.2279434138239 0.97860574349962 142.520395886434 0.317194540148308 0.674378411580007 0.666784359215231 -0.468302348318688 -0.500010071461345 0.728479813718735 0.589143425143195 -0.64054169678921 -0.0319071426527376 0.130826767083155 0.343399308628221 -0.019326364521808
63.3349811115574 0.784454474155854 142.885134619743 -0.51479657657305 0.713365845038326 0.475493066069474 -0.384913303142844 -0.68791165299564 0.615320491073471 0.0318588880588086 0.127567384262817 0.447512855088167 0.198082156296583 -0.19412611496217 -0.357718772910953
63.3504561619173 0.699032114234361 143.341138889138 -0.963480417266158 0.19095526989614 -0.187727383303316 -0.267748457350287 -0.697541326282463 0.664640400301725 -0.342958545912598 -0.00118893224886652 -0.189256542765579 0.199988677666659 0.124871419057788 -0.154178126129119
63.1513486382802 0.554532904388437 143.832389588088 -0.558242572831248 -0.447757196189092 -0.698483158808141 -0.126693639634723 -0.785994903149634 0.605112166376986 0.0136282671777922 -0.413353982473645 0.552587052994059 -0.0229299325204279 -0.365521764101484 -0.583335177089717
62.7560146829102 0.169129167915118 144.025030044029 0.199834546205456 -0.470665114706039 -0.859383793156578 -0.0608125205171821 -0.881341463800299 0.468549956283067 -0.197755250076971 -0.293774657649434 0.664596863673046 0.464765715740537 -0.210133994364624 0.037964387694298
62.5148108068855 -0.33262229260991 144.084090875602 0.807603620624059 -0.27624548628243 -0.521022862514556 0.151693585675094 -0.756460686130681 0.6362045947675 0.0424017947021099 0.0882820223939685 0.0120760551567363 -0.130942653876862 0.0636531597481595 0.603366236574594
62.6635522177712 -0.822625745447373 144.146895945853 0.923864651070469 0.378313127160789 0.0579075497581461 0.181459392858668 -0.566208023672728 0.804040398655314 0.308562318429182 -0.0258221221506906 -0.413681319341177 0.021505506885371 -0.00446356131967092 0.137733304499902
62.9680303522884 -1.16735084584772 144.288949005961 0.220365505506852 0.836451551234416 0.501784661402186 0.153497794120897 -0.537758649400228 0.829007878246054 -0.040920703788604 0.164555223841955 0.546005859680915 -0.207209728214637 -0.598664431176161 -0.469476862298485
63.0566651789005 -1.45524334076439 144.819912911341 0.222392895887854 0.974639820091372 0.0248720917968386 0.268165987632816 -0.085677146651103 0.959555329107403 0.0233288337368685 0.286854632348296 -0.34162800544566 0.306664931806522 0.112147117048274 0.520838567800493
63.4818816704266 -1.42587233226171 145.052986556312 -0.50440328837621 0.812001345744952 0.293651387162489 0.181495655400116 -0.232783067077541 0.955443023289394 0.0847024322584594 -0.0140164198411191 -0.108076925308714 0.0850189196216381 0.0481420646720678 -0.360736315427541
63.760049487184 -1.17030445250262 145.37482515754 -0.926436384737998 -0.170515931420961 0.335618745252803 0.365261126211813 -0.191403647759732 0.911015341968343 -0.429031108264648 0.205868701498895 0.121215446107173 0.737825841169259 0.0508227368139285 -0.301666710042772
63.9139238071572 -1.01871273420613 145.887942171734 -0.56367115103076 -0.825986944820745 0.00451668915947026 0.397852030470275 -0.266702558971558 0.877828859681 -0.329994732404003 -0.0206187267567538 0.0558441193566357 -0.179535531486981 -0.05941250001653 -0.0312823200682761
63.8692205338492 -1.18196104377505 146.438127021258 0.195078527988902 -0.86859274594917 -0.455511810604784 0.264705246989509 -0.400572923454194 0.877195796393672 -0.750360449007276 0.0524458283760431 -0.0944961696668102 -0.184799841347548 -0.0670572397445516 0.15079820516006
63.8093815184656 -1.56565111000581 146.759562352349 0.809316842561292 -0.314932973595057 -0.495805879843476 0.341232354572547 -0.434962030294468 0.833287772856955 -0.111866944178776 0.403131040470665 0.208432244831225 -0.247209413200044 0.0117825947846469 -0.0344445180179163
63.9168856550559 -2.03113376791478 147.008286457615 0.932323426792857 0.30953463036461 -0.186979518819025 0.319984870356984 -0.465252835744183 0.825317806408157 -0.0940995250885109 -0.0297733579851059 0.0242218465003175 -0.435554269428026 0.213496315254952 -0.0268163266894751
64.2901977076517 -2.3606224102972 147.106517879443 0.543033510768005 0.798553265839963 0.259667648732874 0.501285315953125 -0.556374182893863 0.662692085827416 -0.00726409718281566 0.194362306133775 0.532019399125636 0.351923276150202 0.339948732032895 -0.0296428464588975
64.7330012856507 -2.52921410587935 147.194916327438 -0.340953102120391 0.517639520311179 0.784729449661611 0.407471614236377 -0.670883459596402 0.619582332891525 -0.167945040509685 -0.274466829927173 -0.502776126141675 -0.149045309099108 0.42830219219728 0.0245368246179945
65.0466010259101 -2.39285708087797 147.484740829079 -0.659363777442185 -0.322646313293037 0.67907198846254 0.698020068006912 -0.59826183250433 0.393510818690877 0.348236022492718 0.131697675456762 0.0478473244428184 -0.0604503611725623 0.198373607210779 0.313499885794733
65.3413807942529 -2.62863855497652 147.814693385621 -0.817218529327056 -0.567495076095218 0.100514744853908 0.576281096906531 -0.802405198031852 0.15506771269509 0.401167444034039 0.511304798772604 0.065297210337838 -0.0892656058817292 -0.32036566197136 0.237040692927893
65.4785377688933 -2.85563700329027 148.281458453474 -0.562491699294067 -0.547484552455918 -0.619567391853575 0.564705746017592 -0.80173547283956 0.195774492737497 -0.0332476791442424 0.128730531067308 -0.354920857998222 -0.0640405852115641 -0.164790625017987 -0.207331117558742
66.7511512951578 -2.45807571320766 148.251860563177 0.845992905221093 -0.435619501906983 -0.307460003697696 0.334351221489007 0.882595843115827 -0.330505428704664 0.43478110074023 -0.51574693272188 -0.139822848038679 0.134554040212227 0.0466012819238769 0.232594548977968
67.1121341464187 -1.98922738893384 148.049716200099 0.769891081042754 -0.604864908955273 -0.203485049194073 0.513014726147233 0.776246906249532 -0.366410468319502 0.056079839057711 0.0294622213787243 -0.324246414067665 0.0382085672814548 0.0721065449947781 -0.740231642515172
67.1787148853629 -2.12192814101003 149.094611454889 0.378399409049072 -0.495336431916307 0.781956332826551 0.88932144068657 -0.0397733729722133 -0.455549617426801 -0.124695711015819 -0.0268958281671229 -0.568585792237888 -0.238035641522961 0.252240478137353 -0.149171108157653
67.6784891731156 -1.78488143560408 148.960511343789 0.156272948232909 -0.819202699744613 0.551802231221368 0.944708629904894 -0.0390862735694075 -0.325573137407595 -0.0897578441155789 -0.359150329752391 -0.227399821087936 -0.314092031128422 0.11878351252977 0.112691890266564
67.7268082286784 -1.01492394262628 148.343792535295 0.887266417143443 0.155721508517308 0.434176366000966 0.0320405674427124 0.918207838520647 -0.394800921118613 -0.0536044205913038 -0.526485760327518 -0.541763011598016 0.0828175919525987 -0.0453404646174974 -0.327125627588861
67.715670836628 -0.529200509176212 148.449898122771 0.952452480875757 -0.0530759593470861 -0.300028688983786 -0.051944466661715 0.942008745119463 -0.331543807817789 -0.28435989964005 -0.187067430551769 -0.104230017082898 -0.0217042713949405 0.636838424747442 -0.0506910129463254
67.8892586975519 -0.0930233778610288 148.488959070871 0.435166164395211 -0.30330143214037 -0.847725575068372 -0.138368369434216 0.907836486264259 -0.395837224808268 -0.0949472253684745 -0.452928719087416 0.226068075793299 0.248512056428011 -0.429817248407587 0.574058451328621
67.9867494785857 0.422823559982563 149.450297989768 -0.648475617591961 -0.371488753795171 0.664436211530658 0.686334242710266 0.0922311224294043 0.721414393632002 0.456141330471848 -0.415817390173562 0.150973386112834 0.0349836399423264 -0.5062682792458 0.527551906621286
68.0107554609042 0.599011165138433 149.800829435221 0.168874147536489 -0.958814237627074 0.228378589225961 0.622985862485269 0.283387520479797 0.729095417884012 0.131962447019688 -0.252919356553541 0.548884893918692 -0.0692500863357987 0.181811847940002 0.206636454091078
68.0097229914569 0.563956220314229 150.312393508981 0.793610732644216 -0.537924808274886 -0.284286661089754 0.452669440822432 0.209823364433373 0.866639794310401 0.105532137541988 -0.754548099543621 0.470390779376174 0.0329668317686098 -0.125610706635628 0.321672026425899
67.2321425150288 1.08538350629043 149.822374251575 0.647917782937114 0.391587933097803 -0.6533463378678 -0.757909429610355 0.417006082905274 -0.501676412966405 0.178083889796088 0.34944063081779 0.232841365908063 0.021089304872731 -0.213386613085278 0.0976215303641593
66.1791295744031 1.39102602534588 150.115231173987 -0.929246405604405 -0.0923728069088011 -0.357726686474803 -0.0463692019101888 -0.931425854603562 0.360965059932481 -0.580737392994892 0.753998821658967 0.262170749806666 0.0830447608640602 0.052624781129468 -0.110551579736858
65.8896267096271 1.0133687970389 150.324230178378 -0.225934994509238 -0.218033174988512 -0.949428729741903 -0.145372263204608 -0.956170336773982 0.254175514481694 0.419684890725399 0.1143614662017 0.149737763212312 -0.314980087647819 -0.175740995931437 0.716602532136951
65.5532150107012 0.685659740609958 150.434290976577 0.601770296550838 -0.247137305767385 -0.759470646099118 -0.00219654295615238 -0.951428676390484 0.307861411903292 -0.0243060840269944 -0.640628704762355 0.413857110439722 0.0103669443449342 -0.137296448375782 0.247451134011094
65.4946736026135 0.246274617691977 150.353728673576 0.984955983113869 0.107596749287342 0.135220748674825 0.0724835216165967 -0.967579933424376 0.241940512378751 -0.00125218664829274 0.159573664095322 0.0616511870725405 0.369968340659654 0.286231993881304 -0.123377486188967
64.8596073300844 -0.0631471768833028 151.296044212357 0.315285761501058 -0.00796186547295401 0.948963380374844 -0.22167693956543 -0.972918654653658 0.0654876010380692 0.300891443003313 0.250698237596566 -0.0928440089231066 -0.244405883818053 -0.50508813002217 0.0457528400752157
65.1020005834937 -0.535895011580984 151.244614443639 -0.381000348340447 0.0693983927621602 0.921966700942117 -0.123472828909408 -0.992066093287006 0.0236500966256565 0.299751496075825 -0.360701328507615 -0.216107104675585 -0.0663279795073422 0.308543669579915 0.23955430568211
65.2740137811668 -0.897153846851367 151.482647139179 -0.959725900791232 -0.0602036412532128 0.274411583081678 0.0565094752864218 -0.998173652100443 -0.021355080281917 0.240001524070074 -0.159423096892162 -0.458379425097953 -0.000309687179091283 -0.0932417144045651 0.129840376012968
