t = 0
b =  20.0 20.0 20.0
E = 0. 0. 0.
15.4224327454 4.49481981803 9.63857765533 -0.101756806186 0.968655620431 -0.226609446853 0.362449630252 0.248234200417 0.898337379426 0.0 0.0 0.0 0.0 0.0 0.0
15.8780448015 4.70523884624 9.83048020619 -0.625661228469 0.779211357909 0.0371172048487 0.362449630252 0.248234200417 0.898337379426 0.0 0.0 0.0 0.0 0.0 0.0
16.1910373609 5.093279128 10.0308436251 -0.911866489559 0.293731672799 0.286742409862 0.362449630252 0.248234200417 0.898337379426 0.0 0.0 0.0 0.0 0.0 0.0
16.2961699253 5.54827555382 10.2965699853 -0.851638425671 -0.30334158574 0.427429379291 0.362449630252 0.248234200417 0.898337379426 0.0 0.0 0.0 0.0 0.0 0.0
16.2071714838 5.93412525562 10.6597288859 -0.467858685235 -0.785170304255 0.40572878129 0.362449630252 0.248234200417 0.898337379426 0.0 0.0 0.0 0.0 0.0 0.0
16.0115246402 6.14099536187 11.1153736751 0.0936683919018 -0.968699696836 0.229885035853 0.362449630252 0.248234200417 0.898337379426 0.0 0.0 0.0 0.0 0.0 0.0
15.8372295095 6.12705034174 11.6234207654 0.619609280903 -0.784203878794 -0.0332958781776 0.362449630252 0.248234200417 0.898337379426 0.0 0.0 0.0 0.0 0.0 0.0
15.8041743339 5.93434602276 12.1238780592 0.910150244775 -0.301775896008 -0.283827131411 0.362449630252 0.248234200417 0.898337379426 0.0 0.0 0.0 0.0 0.0 0.0
15.9785879353 5.6728518788 12.5596369495 0.854909913756 0.295301795095 -0.426527712085 0.362449630252 0.248234200417 0.898337379426 0.0 0.0 0.0 0.0 0.0 0.0
16.3478782783 5.47867178831 12.8981688344 0.474875013169 0.780189397058 -0.407183283774 0.362449630252 0.248234200417 0.898337379426 0.0 0.0 0.0 0.0 0.0 0.0
16.8254163956 5.46233589544 13.1438832769 -0.0855728444068 0.968670003008 -0.233143118217 0.362449630252 0.248234200417 0.898337379426 0.0 0.0 0.0 0.0 0.0 0.0
17.2834481803 5.66680836023 13.3364527383 -0.613510147691 0.789136679517 0.0294720158965 0.362449630252 0.248234200417 0.898337379426 0.0 0.0 0.0 0.0 0.0 0.0
17.6016303076 6.05116455595 13.5357403467 -0.908364688525 0.309797137815 0.280890238425 0.362449630252 0.248234200417 0.898337379426 0.0 0.0 0.0 0.0 0.0 0.0
17.7127506754 6.50613901897 13.7990568937 -0.85811629714 -0.287239516074 0.425593563141 0.362449630252 0.248234200417 0.898337379426 0.0 0.0 0.0 0.0 0.0 0.0
17.6282634064 6.89563722528 14.1593875069 -0.481855177533 -0.775149075419 0.408606777675 0.362449630252 0.248234200417 0.898337379426 0.0 0.0 0.0 0.0 0.0 0.0
17.4339372345 7.10844017545 14.6128600479 0.0774707802084 -0.96856654121 0.23638344583 0.362449630252 0.248234200417 0.898337379426 0.0 0.0 0.0 0.0 0.0 0.0
17.2572705294 7.10045835207 15.1202162027 0.607364293306 -0.794009384427 -0.0256459092073 0.362449630252 0.248234200417 0.898337379426 0.0 0.0 0.0 0.0 0.0 0.0
17.219052534 6.91148206453 15.6217263718 0.906509956787 -0.317794787371 -0.27793195456 0.362449630252 0.248234200417 0.898337379426 0.0 0.0 0.0 0.0 0.0 0.0
17.3874735118 6.65006444522 16.0598819431 0.861257331647 0.279155362653 -0.4246270036 0.362449630252 0.248234200417 0.898337379426 0.0 0.0 0.0 0.0 0.0 0.0
17.7522181255 6.4522802996 16.4012437756 0.488798646759 0.770049723176 -0.409999154588 0.362449630252 0.248234200417 0.898337379426 0.0 0.0 0.0 0.0 0.0 0.0
