t = 60000
b = 20 20 20
E = -0.773443737309558 -0.773443737309558 0
77.7473149239305 -130.324187133107 78.8539049562461 -0.429727036579759 0.135052812960875 0.89280200030268 -0.830084787134076 0.330058348791168 -0.44946716516594 0 0 0 0 0 0
77.2738970971874 -130.475281751642 78.7799500331662 0.0105489726995934 0.839215569250822 0.543696558294625 -0.727628467281552 0.379400021477774 -0.571500163870977 0 0 0 0 0 0
76.9061646117391 -130.307212589608 78.8618432665392 0.400145695953136 0.672266065986275 -0.622849707821193 -0.853699514563497 0.0262665948107688 -0.520103071353729 0 0 0 0 0 0
76.6061094554768 -129.926812697021 78.6651388346532 0.512260240536563 -0.180325905255192 -0.839685663721301 -0.852070310853064 -0.229140759242499 -0.47060673371404 0 0 0 0 0 0
76.3699351751067 -129.850554340595 78.2585622039398 0.504867532991172 -0.825669199392722 -0.251752154521818 -0.702930032237493 -0.223983113084341 -0.675071059098282 0 0 0 0 0 0
76.2660536351599 -129.89443002847 77.66304302022 -0.168481789577091 -0.94448204745379 0.282077203295718 -0.476386117967055 -0.172506889304679 -0.862147110272443 0 0 0 0 0 0
76.0695251576588 -130.087324066809 77.2209850819432 -0.0798793150656893 -0.769673042191847 0.633421426183362 -0.45227525079991 -0.538292883688367 -0.711117338337892 0 0 0 0 0 0
76.0728781443968 -130.49543799271 76.8635735804386 -0.599685129196339 -0.26575563298476 0.75481897787354 -0.509805025709219 -0.600186196433284 -0.616340299974775 0 0 0 0 0 0
75.6847936335463 -130.604380466457 75.6485297257127 -0.646851539658899 0.230234625933785 -0.727031706779809 -0.148222439264868 -0.973114951380122 -0.176287832533175 0 0 0 0 0 0
75.3689452157723 -130.926216960401 75.3787423941628 0.0225213864894905 0.488391816040009 -0.87233377853587 -0.225499455436604 -0.847587805243187 -0.480359144808613 0 0 0 0 0 0
75.0801937875096 -131.347191653319 75.0898155787512 0.680940625578168 0.268365624759675 -0.68139544750751 -0.003755652887331 -0.929145768306128 -0.36969451755556 0 0 0 0 0 0
75.1420245512318 -131.553623838434 74.6277322252985 0.976389504255079 -0.127749607341997 0.174194069372233 -0.00358409784025965 -0.815858329225225 -0.578240729175051 0 0 0 0 0 0
75.2377891862905 -131.678070792056 74.2335619309077 0.203923209329639 -0.596250146710822 0.776467054834892 -0.118657670155584 -0.802339410341128 -0.584954552018509 0 0 0 0 0 0
75.5195276749344 -132.015296257607 74.0525228546156 -0.65466454129347 -0.489737641434388 0.575822351888181 -0.123014805799754 -0.682574375102194 -0.720388492418023 0 0 0 0 0 0
75.6847939928066 -132.741102085974 73.5273972551274 0.745700659935053 -0.666236708657223 0.0076924515124646 -0.500594146462469 -0.552607608222146 0.666356009849828 0 0 0 0 0 0
75.4104200014676 -133.185491439626 73.4884260200866 0.784681637040929 -0.111412334342653 0.609804903429895 -0.477138434723747 -0.736556008520841 0.479399791845689 0 0 0 0 0 0
75.1594114384326 -133.678604639337 73.7207554484364 0.807957616016747 0.274619542175816 0.521333480390465 -0.336396219247762 -0.511428442382051 0.790745554523695 0 0 0 0 0 0
75.1699942377683 -134.080134237029 73.9263311998149 0.252372676912494 0.828488922755449 0.499914129445519 -0.462165905961398 -0.350691894766245 0.814504677894861 0 0 0 0 0 0
75.284251698459 -134.208190025506 74.3807273855123 -0.434524585806405 0.871909548968048 0.225747918590819 -0.476017368866329 -0.43510381908045 0.764259204170718 0 0 0 0 0 0
75.9295439606814 -134.732696319622 74.1159702065293 -0.00907733745279399 -0.139406122383098 0.990193685592195 0.0363154214267507 -0.989627207018107 -0.138993457747454 0 0 0 0 0 0
