t = 60000
b = 20 20 20
E = -0.814210601212878 -0.814210601212878 0
94.5148968202429 -9.89778125663997 29.004953256017 -0.954918036676485 -0.0771641287326842 -0.286665729496309 0.287386705522873 -0.482391359174737 -0.827470517953802 0 0 0 0 0 0
94.4487219053403 -10.3837626195202 28.7859982755076 -0.722818841495053 0.414815718939175 -0.552685119846961 0.255983409066371 -0.582163799039049 -0.771723917843445 0 0 0 0 0 0
94.4241694342438 -10.640746286614 28.3375757312397 -0.468431266927584 0.813029791113377 -0.345766838962671 0.178278235004547 -0.296326241001204 -0.938300394233224 0 0 0 0 0 0
94.1815396659568 -10.7279874248175 27.8640458791358 0.305348551295331 0.944165454021249 -0.123749172338448 0.114297402269342 -0.165356394940903 -0.979588365838979 0 0 0 0 0 0
93.975295013642 -10.6261415507777 27.3096027919107 0.879097383639404 0.464354446276768 -0.107530173915067 -0.0343797646871629 -0.163237910986727 -0.985987533489753 0 0 0 0 0 0
92.8369527180008 -10.4972847822665 27.3274478040419 -0.273065115092159 0.884994817599106 0.377120160881438 -0.677898546578832 -0.455168601121497 0.57729983985779 0 0 0 0 0 0
92.6275709070764 -10.6726184336838 27.7465891058345 -0.463098395531674 0.804033607276748 -0.372920681145272 -0.844458915256054 -0.272511524832454 0.461114529459365 0 0 0 0 0 0
93.025009724913 -10.2851463579209 28.3939016723873 -0.0452684234187259 0.942944670513815 -0.329857724164823 -0.764527581677632 -0.245235225250248 -0.596118495897499 0 0 0 0 0 0
92.5371432956364 -10.2224626511811 28.3022379341446 0.552601371910131 0.408924933404708 -0.726231452502665 -0.661846345777251 -0.314284836937841 -0.680576561345398 0 0 0 0 0 0
91.9141754316197 -10.6115223258675 27.8434590656004 0.135358380619117 0.285643118832941 -0.948728684850694 -0.736835322741871 0.669171799694766 0.0963473385912797 0 0 0 0 0 0
91.1718730998416 -10.4948183580152 28.6207035115077 0.00351387495636105 0.945603695842412 0.325301864567912 -0.103324961976578 0.323906037413097 -0.940430130929626 0 0 0 0 0 0
90.9063430774607 -10.1962206045665 28.2643684320638 0.772316758014459 0.516603213231891 0.36965922870733 -0.0566250689030187 0.635593412801669 -0.769944553312297 0 0 0 0 0 0
90.8217670139948 -9.72051683722798 28.1001666298463 0.947589035203676 -0.248656590264758 -0.200611366775836 0.0101076757498103 0.650925368912884 -0.759074435741974 0 0 0 0 0 0
91.0028540416162 -9.33517051572093 27.9109214044376 0.357052927753862 -0.713380109048014 -0.602994217879262 -0.0935039696447725 0.615006650077598 -0.782958382049426 0 0 0 0 0 0
91.3176146326106 -9.13562215742995 27.524477217692 -0.614240088713181 -0.587489461823868 -0.526844612446383 -0.0176599393264653 0.677703002506735 -0.735123640578129 0 0 0 0 0 0
91.4431746193992 -9.1300034893256 27.0541874864722 -0.989500116355534 0.0463136793880725 -0.136910784213822 0.123453759091113 0.763419741733816 -0.633994848005728 0 0 0 0 0 0
91.3768676322833 -9.04450604400433 26.5679022417771 -0.539089794463812 0.661990079625955 0.520721929615178 0.205078194518892 0.702814759439866 -0.681171305947926 0 0 0 0 0 0
91.2344962453802 -8.69108903716665 26.2539678226987 0.222144935693376 0.492428871803561 0.841525658408462 0.328631844914457 0.774772420857782 -0.540119252005299 0 0 0 0 0 0
91.2290575601875 -8.23099582346797 26.0882969269255 0.71551367025423 -0.0664510943666313 0.695431117895055 0.629546981419139 0.492860540514968 -0.600632238387055 0 0 0 0 0 0
91.7386087211027 -8.46276662429381 25.4352604027876 0.50323278939639 -0.857717435702804 -0.105249988919132 -0.748350420646041 -0.371648367592062 -0.549407989371773 0 0 0 0 0 0
