t = 60000
b = 100 100 100
E = -0.884505154459419 -0.884505154459419 0
10.0088481286257 -539.869592098939 -134.695359749531 -0.646607792926226 0.652863312892221 -0.394547661008212 0.475768495370835 0.749447934930092 0.460404313230401 0 0 0 0 0 0
11.0128414163519 -540.897517407146 -134.509876990027 0.217338746094048 -0.87243143256082 0.437752515613578 0.757861244332062 -0.131809408271195 -0.638962138338494 0 0 0 0 0 0
11.5300756041383 -540.911608601631 -134.614623132626 -0.306905630400387 -0.950426059306461 -0.0499923976206795 0.705008382458772 -0.19174230519845 -0.68278698659208 0 0 0 0 0 0
11.9165076419563 -541.109367199064 -134.857026743053 -0.769581415483321 -0.467909716836664 -0.43451690626871 0.531970229598492 -0.0934092217862877 -0.841595147387219 0 0 0 0 0 0
12.2775296699923 -541.402111569394 -135.192440460661 -0.854801543825221 0.223901757962085 -0.468169118434029 0.475005775951598 -0.025763274695668 -0.879605460697601 0 0 0 0 0 0
12.3781189539398 -541.564762654322 -135.657101763567 -0.540789905105503 0.809763091544035 -0.227662061196716 0.321205179473562 -0.0513440758025242 -0.945616739783536 0 0 0 0 0 0
12.2283096200012 -541.742368302489 -136.110379935867 0.255070024360995 0.966650202716568 0.02294925402817 0.520661812471247 -0.11731010407306 -0.845665191737304 0 0 0 0 0 0
12.2827621232897 -541.65249606088 -136.604647474335 0.589753521564524 0.686635363835808 0.42511487968838 0.523570226607302 0.075703115409726 -0.848612547707821 0 0 0 0 0 0
12.3579961138867 -541.410598347867 -136.962800243961 0.855434716743442 -0.277758898526544 0.437128630588565 0.347447947340182 -0.318134489631988 -0.882082972511758 0 0 0 0 0 0
12.7523700555504 -541.40499821055 -137.317319280294 0.265463128153279 -0.925706603016649 0.269437585948257 0.352830037440053 -0.166799992707079 -0.920700128767466 0 0 0 0 0 0
13.2165552613417 -541.533384444458 -137.6072764457 -0.495729483987329 -0.865580615875904 -0.0708694301254849 0.424017134932672 -0.170007957714823 -0.889554249945791 0 0 0 0 0 0
13.5129706772201 -541.908107024073 -137.797676114148 -0.865604369309286 -0.173602808373152 -0.469671311405509 0.498130800622296 -0.393968558664954 -0.772434126805845 0 0 0 0 0 0
13.6683800780496 -542.271637050593 -138.236376478879 -0.914656497909364 0.0347634527186582 -0.402734395336559 0.333505957096617 -0.498089812019188 -0.80042508440404 0 0 0 0 0 0
13.6388421053146 -542.654694225957 -138.547344828097 -0.691680064838761 0.485864578799482 -0.53433538061117 0.290716415406824 -0.489962410858012 -0.821839888152584 0 0 0 0 0 0
13.579512032557 -542.977529541217 -138.882792314681 -0.0272081478396732 0.838363513391222 -0.544432122588284 0.33139752609634 -0.5062687951226 -0.796158016213994 0 0 0 0 0 0
13.4608703745704 -543.122303587804 -139.337638626628 0.811690129199347 0.570763155974943 -0.124050610406986 0.287257424456094 -0.575009401881303 -0.766059632040734 0 0 0 0 0 0
13.5600383643987 -543.24704165445 -139.796110296345 0.873275732483076 0.227497223010686 0.430853233223266 0.478812062658608 -0.564344683383869 -0.672498391811119 0 0 0 0 0 0
14.0059962507656 -543.350722346968 -140.174910858182 0.432777605053993 -0.256055870485777 0.864371989222746 0.647164954196976 -0.579256288777085 -0.495620493897137 0 0 0 0 0 0
14.1354356794503 -542.944486820875 -140.891400461083 -0.830291583717503 0.519643122244044 0.201461935639637 0.551247979148805 0.712447279190785 0.434217157488515 0 0 0 0 0 0
14.2621472426043 -542.507399483442 -141.038689922849 -0.403102222233141 0.0630300412636003 0.912981824752306 0.579666660326463 0.789565706336533 0.201426309807688 0 0 0 0 0 0
14.0138752541855 -543.424168929996 -141.933940485747 -0.280983065229925 -0.833314570730005 -0.476062331279542 0.194221089230078 -0.53515716837317 0.82212223764875 0 0 0 0 0 0
13.8128256088026 -543.745552296205 -141.615360505672 0.624119620768579 -0.687805662210519 -0.370672456492329 0.151699475147646 -0.358713263405183 0.921038578940433 0 0 0 0 0 0
13.8544635298113 -544.040486152448 -141.200449533689 0.9039150500215 -0.117459721038096 -0.411267305140323 0.279075528608233 -0.566695582093558 0.775224462054157 0 0 0 0 0 0
14.08381275637 -544.460091385607 -140.87360080533 0.767628586613205 0.618982204762276 -0.166154696596994 0.396630612558203 -0.255176978315838 0.881798654409691 0 0 0 0 0 0
14.0848463068899 -545.735057518696 -140.669418432271 0.223941238229408 -0.89517112906986 0.385381592061299 -0.816436806415486 0.0436369440739289 0.575783603658024 0 0 0 0 0 0
13.7062958901861 -545.982157826073 -140.608041561125 0.270989574337038 -0.154603927490166 0.950085404690217 -0.958961407689571 0.0421691438654513 0.280383276725332 0 0 0 0 0 0
13.3261118507597 -546.286747354505 -140.482491873809 0.259258104412339 0.678262020249571 0.687565173043943 -0.957439380687162 0.0869782006822137 0.275217413902061 0 0 0 0 0 0
12.372489230626 -546.051528557102 -140.518596116597 -0.255097092199072 0.825549599477502 0.503381895140814 -0.958297559046011 -0.285212158449919 -0.0178833161989994 0 0 0 0 0 0
12.0677417122701 -546.155741113524 -140.175966569057 -0.449913737697018 0.806970313432147 -0.382591873763569 -0.877618969015971 -0.47885178303165 0.0220434822627575 0 0 0 0 0 0
11.5624106702834 -546.266150482558 -139.972018086233 -0.143877606972622 0.332935317920847 -0.931908422696249 -0.808932557481222 -0.582007598696458 -0.0830377775831203 0 0 0 0 0 0
10.9562777947153 -546.250544913835 -139.907433037386 0.399716168053137 -0.0486672610342442 -0.915346099953225 -0.784536786776277 -0.534601852876504 -0.314170159460236 0 0 0 0 0 0
10.5371731358378 -546.169132532824 -140.097249305691 0.581400902265683 -0.611988518106982 -0.536137150876589 -0.813365457008143 -0.45357603885083 -0.364287537977577 0 0 0 0 0 0
10.4039141578172 -546.231025742884 -140.48678379359 -0.00208453678779575 -0.917676787529118 0.397322247473062 -0.877877167699143 -0.188591709365749 -0.440187284676111 0 0 0 0 0 0
10.0787151800799 -546.558338920658 -140.793296272463 0.0278749343241306 -0.725243955207031 0.687927462361508 -0.737449854998532 -0.479512595207063 -0.475642073832762 0 0 0 0 0 0
9.89984723620275 -546.880542985623 -141.106116196448 -0.287968267436326 -0.111630966525517 0.951111352189262 -0.840426480703495 -0.446662813243759 -0.306880533427921 0 0 0 0 0 0
9.70325461035346 -547.338988052103 -141.080274307796 -0.636463151568485 0.597320911883962 0.487977852899931 -0.770917961096346 -0.512739934678791 -0.37786671809529 0 0 0 0 0 0
9.35743190564195 -547.613848885934 -140.948994993211 -0.463350952174438 0.867025266130483 -0.183229590976558 -0.867669224430801 -0.485905735726089 -0.105098682025529 0 0 0 0 0 0
8.75932039758178 -547.686382080379 -140.783811330787 -0.0151458402711796 0.570929898571863 -0.820859095362477 -0.874169698036029 -0.40608442354283 -0.2663133117043 0 0 0 0 0 0
8.26554279810561 -547.656184729658 -140.900537505852 0.329578653431355 -0.0997950917882927 -0.93883909742725 -0.841296420249955 -0.482340568596402 -0.244065378864484 0 0 0 0 0 0
7.86158265627153 -547.555595888362 -141.098518134974 0.437737205473045 -0.748010540824753 -0.498865081719416 -0.898997716120444 -0.355644332041327 -0.255578198398383 0 0 0 0 0 0
7.48380185108268 -547.674126581617 -141.415586896975 0.496873561295855 -0.865216467112147 0.0672095910090048 -0.860846159357395 -0.50119924333554 -0.0879955021519557 0 0 0 0 0 0
7.16859756317262 -547.943912084763 -141.722488411356 0.3135019096639 -0.476860390166927 0.821170336122418 -0.910672264210217 -0.396006330350784 0.117707321436651 0 0 0 0 0 0
6.97471485741193 -548.389516032184 -141.675818531596 -0.199712038774853 0.293499073311713 0.934865442474119 -0.82673993489318 -0.562584286998928 8.60975220437488e-06 0 0 0 0 0 0
6.77640054265795 -548.676997707613 -141.381983143796 -0.676508824332594 0.689748073477945 0.258037605271092 -0.735575651925501 -0.649799855809705 -0.191542704594985 0 0 0 0 0 0
6.40241415257912 -548.866669439306 -141.156299105252 -0.481677606317336 0.616298021202055 -0.623027633925868 -0.738316217167116 -0.668376119417795 -0.0903467014310116 0 0 0 0 0 0
5.94584585789442 -549.019795221878 -141.151408638648 0.328390433188238 0.150999904712307 -0.932394097024936 -0.597502137143078 -0.7313212665282 -0.328877486661006 0 0 0 0 0 0
5.35166163200098 -548.734364827316 -141.14047645975 -0.154893101634059 -0.671790413435028 -0.724365769127831 -0.764892619351382 0.545596725013677 -0.342437577546007 0 0 0 0 0 0
5.01858008856193 -548.497318753616 -141.490902753124 -0.323233039666973 -0.946003841298068 -0.0244363319257779 -0.865188593824618 0.305883765398877 -0.397345969125965 0 0 0 0 0 0
4.64957917178168 -548.365408595285 -141.802513007416 -0.201894616384825 -0.866868167155263 0.455826880127806 -0.975981742180032 0.139179561354949 -0.167596803763238 0 0 0 0 0 0
4.12326012397044 -548.459693421108 -141.937480971854 0.000753684147973416 -0.569900729147189 0.82171320476013 -0.99999727395259 -0.0022455015865353 -0.000640163617912498 0 0 0 0 0 0
4.01111204211474 -547.711966660564 -143.257936088831 -0.0340852223865351 0.583782496327788 -0.811194301382761 -0.293199979667649 0.770110708801115 0.566536201943217 0 0 0 0 0 0
4.09823166738633 -547.264025127968 -142.959750811342 -0.435956858954841 0.341799625515985 -0.83253506420271 -0.215695869909966 0.858427478148588 0.465378938568027 0 0 0 0 0 0
4.14449406099818 -546.682719576694 -142.849084145595 -0.792777001713966 -0.143323207283033 -0.592421373523231 -0.262477941323537 0.957497067329576 0.119602242342073 0 0 0 0 0 0
4.84127638110116 -545.606304605708 -142.724079913827 0.563994082754334 0.822576435788471 0.0726545380790488 0.191592126392266 -0.0447647733628993 -0.980453248334506 0 0 0 0 0 0
4.82084993283042 -545.466386312468 -143.209488702463 0.870257543251046 0.139219508848357 0.4725142714987 0.477137184036462 0.000193359801957366 -0.878828805980499 0 0 0 0 0 0
5.04743916610751 -545.147756723944 -143.523422373848 0.704449952329498 -0.606496857377222 0.368662212132313 0.447332372199736 -0.0238729327002288 -0.894049121617996 0 0 0 0 0 0
5.40419734276683 -545.049093933841 -143.827397586067 -0.0588680959722623 -0.997742107521412 0.0323300812932638 0.394790500985597 -0.0530147224275391 -0.917240371733033 0 0 0 0 0 0
5.78910946219878 -545.216770115099 -144.121008514843 -0.746798781218132 -0.608523826389883 -0.268310143467694 0.375891903305247 -0.0534006593743835 -0.925123584505021 0 0 0 0 0 0
6.68364123258815 -545.176983746471 -144.753982139811 0.0724944386749554 0.444451896019431 -0.892864529750022 0.355322883924682 0.824972641211847 0.439506301901214 0 0 0 0 0 0
7.07533800784294 -544.861276657378 -144.775367243224 -0.676565661307596 0.586166756363287 -0.445721257820519 0.376994028227941 0.795661690556034 0.474128650116629 0 0 0 0 0 0
7.22914347830554 -544.418674141642 -144.806752426659 -0.934083374608023 0.0125925635092219 0.35683284129452 0.230297610851876 0.784961933479693 0.575150218137113 0 0 0 0 0 0
7.25090172660169 -543.980945529925 -144.597123400706 -0.161361133646131 -0.585484789407143 0.794462174002939 -0.0722909836860075 0.809861111906944 0.582150318300968 0 0 0 0 0 0
6.93805654015395 -543.641679372914 -144.356621756977 0.633740009759847 -0.474019196049761 0.611293220808226 0.0467252681115582 0.812262701975375 0.581417278982135 0 0 0 0 0 0
6.83976055892979 -543.494717089833 -143.972846124624 0.954104972972868 0.295374175755519 -0.0493740503173263 -0.217846628336345 0.797681369286789 0.56235867523733 0 0 0 0 0 0
7.05168650420295 -543.294157817053 -143.490356813153 0.366296823602156 0.611613102010834 -0.701253199970193 -0.0960507944976134 0.774459268241893 0.625289602272366 0 0 0 0 0 0
6.95910372691159 -543.190508382999 -142.507294293671 0.233609760186769 -0.63885213458388 0.733003704003694 0.862229615270788 0.484558241658065 0.147524238654619 0 0 0 0 0 0
6.89734361213695 -542.698172876229 -141.722069689688 -0.47946635794993 -0.0469101745246623 0.87630556720781 0.842096384543771 -0.305600257311012 0.444389650947413 0 0 0 0 0 0
7.31660506568914 -542.535942184289 -141.471474384294 -0.490213952524062 -0.645473066819743 0.585708802017484 0.871542336142408 -0.370879072530464 0.320722106923939 0 0 0 0 0 0
7.67992653020191 -542.749436589107 -141.191860849936 -0.439465818147057 -0.864586731921229 -0.243638210602819 0.826147304227328 -0.495513523422628 0.26822934183742 0 0 0 0 0 0
8.67010512291959 -542.366652556932 -140.796619076141 0.259311569639449 -0.756314703430745 0.600620994659276 -0.859488801599645 -0.464359630804158 -0.213656577721347 0 0 0 0 0 0
8.40882590852581 -542.781839559157 -141.00880958964 -0.222971096324897 -0.204563714286252 0.953119917429525 -0.817621485116193 -0.493168544035677 -0.297119326617328 0 0 0 0 0 0
8.24323680744474 -543.300988538494 -140.969734341929 -0.600984109274217 0.520663327837388 0.606405639357016 -0.769769605887427 -0.581250884676973 -0.263822218384892 0 0 0 0 0 0
7.82658893410918 -543.654682411127 -140.994569759891 -0.31758742689652 0.730900427597925 0.604088396854611 -0.934144411028336 -0.350557476253383 -0.0669602507971448 0 0 0 0 0 0
7.45190032460622 -543.778872746787 -140.720677619213 -0.342599353072258 0.934879990920408 -0.0928713403133803 -0.917220110816727 -0.354235084326116 -0.182276639603777 0 0 0 0 0 0
6.98375298457993 -543.814006897861 -140.612002065815 0.0230102091051988 0.519436035699878 -0.854199470318822 -0.981212817606123 -0.151975785375403 -0.118847663941634 0 0 0 0 0 0
6.67893701846234 -544.828292598548 -140.867183317193 0.145168538733659 -0.485729038046501 -0.861970647388782 -0.474067383057737 0.730536428117689 -0.491504469474401 0 0 0 0 0 0
5.90298950296375 -545.026537431383 -140.119978742082 0.243227935981757 -0.967870696931445 0.0637689985693756 -0.351536122888341 -0.0266861746269814 0.935793888838691 0 0 0 0 0 0
5.56487377018057 -545.279894076859 -139.811198564602 0.923396832320462 -0.24138391249766 0.298449487933056 -0.308416376635875 -0.00369675901368599 0.951244275985368 0 0 0 0 0 0
5.53545434387843 -545.486921245086 -139.249215777496 0.963613714000336 0.267206821577036 -0.00700890105711302 -0.0187809890946675 0.0938387368256396 0.995410250057192 0 0 0 0 0 0
5.62042372921675 -545.724787042584 -138.847364392981 0.525747305780306 0.847857060310358 -0.0687617317066279 -0.297200330946814 0.258827550735725 0.919064884686994 0 0 0 0 0 0
5.82345745473901 -545.647898271154 -138.362009577564 -0.296762976654631 0.885664443560499 -0.357113748125892 -0.24782380426297 0.289721492272655 0.924470020582192 0 0 0 0 0 0
5.80050391443273 -545.18817953895 -137.961524103977 -0.747223419112274 0.416280682325377 -0.518042040237848 -0.331841616940309 0.441664795476057 0.833554647100619 0 0 0 0 0 0
5.67885258509479 -544.7630560286 -137.755102970203 -0.875417951181356 -0.445435426860402 -0.187698405019811 -0.335396242742348 0.280140329179237 0.899461370110537 0 0 0 0 0 0
5.31830044309188 -544.472762347971 -137.558963688595 -0.2822169074699 -0.935836669485726 0.211100320190968 -0.369865108189937 0.309172063137235 0.876134942299734 0 0 0 0 0 0
4.88356367088958 -544.393165301805 -137.264541061461 0.587912830266414 -0.671610114322617 0.450886192234538 -0.28519723281687 0.349507043940378 0.892472612817385 0 0 0 0 0 0
4.66217182603612 -544.551279846534 -136.972823852499 0.865811665885114 0.399469287172828 0.301321170551179 -0.442719082277799 0.330953732142513 0.83334833135218 0 0 0 0 0 0
4.57707690597678 -544.499110860944 -136.41532350645 0.798104470918105 0.560519585264551 -0.221013682914124 -0.150034707081211 0.540146034243064 0.82808927559888 0 0 0 0 0 0
3.8294913714285 -544.700489969725 -135.177646220866 -0.563615128992907 0.176558358233269 0.806948035816873 0.610422646933996 -0.569138085817731 0.55087751032435 0 0 0 0 0 0
4.10571014511692 -544.671151198278 -134.772230836431 -0.681910551395735 -0.598733422141872 0.420138416601622 0.717481083491674 -0.435878751873083 0.543351275416423 0 0 0 0 0 0
4.10095817255927 -544.411362054587 -134.204387100005 -0.981110379382044 -0.167918470498134 0.0960510839844031 -0.135093803497323 0.950119906310926 0.281108213839075 0 0 0 0 0 0
3.90040454941039 -543.973055453647 -134.299356384018 -0.436587290476076 -0.293723158931603 0.850363595000497 -0.264115569919704 0.945400075394563 0.190949373315055 0 0 0 0 0 0
3.42021138408276 -543.685576007669 -134.394703728516 0.133807557656446 0.00313237937308625 0.991002384312673 -0.594069228518362 0.800654273744878 0.077681951964485 0 0 0 0 0 0
3.12595566968013 -543.000659582432 -134.39215806098 0.125635254367518 0.87947065276707 -0.459072057287065 -0.864950265839024 0.323733132577031 0.383481285718542 0 0 0 0 0 0
3.06769067001127 -542.696119445996 -134.029220277999 -0.669995903664004 0.226457638349715 -0.706981207039597 -0.71122779048897 0.0771092470561946 0.698719682028535 0 0 0 0 0 0
2.71077834774401 -542.388214756902 -133.819815829528 -0.593627409201455 -0.589573425332887 -0.547731389629896 -0.663790524383927 -0.0260619337119322 0.747464323796589 0 0 0 0 0 0
3.05981705457896 -542.553889032384 -133.000403850153 -0.695372091346537 -0.609834793106477 -0.380209389273689 -0.439530542688344 0.779470419498886 -0.446361699935979 0 0 0 0 0 0
3.97674550611273 -541.701280056852 -132.675081396545 0.645233568812641 0.202642802498902 -0.73662034744719 0.649150487394946 0.362976670417449 0.668469581542055 0 0 0 0 0 0
4.42273122685995 -541.727475058661 -132.412168216014 0.124092791061553 0.616790314206833 -0.777284174228942 0.779576189603289 0.424029092505845 0.460934152902234 0 0 0 0 0 0
4.87615799653503 -541.703587069448 -132.52378910361 -0.214954837825648 0.974982856086126 -0.056593710188368 0.861972756702941 0.216643744590305 0.458332253535877 0 0 0 0 0 0
5.33987724703534 -541.455259709728 -132.529312679086 -0.653792951930659 0.587300481815774 0.477108918450375 0.73368466910019 0.337789046664276 0.589580669866582 0 0 0 0 0 0
