t = 60000
b = 20 20 20
E = -0.934346366746979 -0.934346366746979 0
157.733999966992 93.9517758481 83.0727747396146 -0.270099768616728 -0.319468607244537 -0.908287357601751 0.519351095906837 0.746006899324007 -0.416831075307261 0 0 0 0 0 0
158.111814723976 94.1181987932868 82.7557979672342 -0.81176356584138 0.0679455482622023 -0.580020099344294 0.435205932465262 0.732660337987393 -0.523263437942765 0 0 0 0 0 0
158.352336055849 94.332389694051 82.3324453938108 -0.967634488801367 0.220468378161952 -0.122789210894649 0.222185436319143 0.513589857411089 -0.828769624354418 0 0 0 0 0 0
159.450719992008 94.7730421796343 81.8380544749205 0.920376129296381 0.0707081317993562 -0.384588274286351 0.355263849632604 -0.562147261137909 0.746845401632663 0 0 0 0 0 0
159.618109255275 94.3590084221267 82.0542668002485 0.730706813926401 0.674201122762133 0.1073331176691 0.272876377659594 -0.432551283255157 0.859324077324791 0 0 0 0 0 0
159.958751509387 94.1342045213356 82.4011916323376 0.0903953263795003 0.946644015167775 0.309344134446643 0.410966129351281 -0.318392950051829 0.854243975620402 0 0 0 0 0 0
160.348803016721 94.1605337235722 82.7245440392058 -0.77825857276638 0.283480263936729 0.560314673977286 0.498590535001647 -0.263475095952575 0.825825860711559 0 0 0 0 0 0
160.54513816549 94.331311921578 83.1595658688191 -0.878456423606561 -0.284258792230217 0.38407193449222 0.418459985665827 -0.0696492193967235 0.905560724984471 0 0 0 0 0 0
161.048321457854 94.9750362465567 82.2008342184646 -0.544674969593742 0.777490332957306 -0.31438504998974 -0.237786124174129 0.216314839590669 0.946924310240039 0 0 0 0 0 0
161.006287374693 95.3424679612114 82.5037848596791 -0.950881873229616 -0.183450851816015 -0.249338019824952 -0.235374139166688 -0.09467076771318 0.967283030117122 0 0 0 0 0 0
160.65984574177 95.6160232551305 82.8570698008196 -0.488389715263129 -0.86880725318824 -0.0815441158637767 -0.277108156480251 0.0658028388679084 0.958582837322604 0 0 0 0 0 0
160.243305154735 95.7044054790386 83.2151169002358 0.315343655414694 -0.938881977486495 0.138054378201956 -0.248464174776089 0.0587162546426252 0.96685984263183 0 0 0 0 0 0
159.974901143872 95.5067529544184 83.539275933611 0.926469992935373 -0.193260256005014 0.322961028050062 -0.329174907764807 -4.44933888982119e-05 0.944268964924077 0 0 0 0 0 0
159.925215800225 95.2258586424077 83.9718147971298 0.881931703461476 0.442295899007827 0.163005546375391 -0.146373351050021 -0.0717481134407937 0.986624067373467 0 0 0 0 0 0
160.121652585243 95.0357294513047 84.423367114148 0.653012753928412 0.734444789341676 -0.184838293153622 0.186675227201688 0.0804391638494679 0.979123026217262 0 0 0 0 0 0
160.578252225332 94.8954463348615 84.811965468345 -0.195849129313192 0.980306604734063 0.025339282983298 0.333677046812519 0.0423208602328953 0.941736997903382 0 0 0 0 0 0
160.925921835425 95.1096958617058 85.125391217688 -0.787362456035582 0.567380579277671 0.241121631307688 0.402320061367844 0.176545479981589 0.898315235159395 0 0 0 0 0 0
161.018198967606 95.4923801594734 85.4487358111965 -0.903564765872425 -0.315596447048365 0.289775079128742 0.204890189590889 0.275704536569826 0.939152287291405 0 0 0 0 0 0
160.80060154704 95.7558646830722 85.8627926912001 -0.217237481825934 -0.957353456892945 0.190478962263608 0.131999567325104 0.164534591334335 0.97749909589775 0 0 0 0 0 0
160.642601858817 95.8377058077138 86.422792982588 0.0574581445069922 -0.98989221962025 -0.129660923816138 -0.180495344271921 -0.138035373928919 0.973841704919711 0 0 0 0 0 0
