t = 60000
b = 100 100 100
E = -0.919248593444861 -0.919248593444861 0
-1029.46639287541 734.096777792441 -312.801070004651 -0.927877552975985 -0.240273679059965 -0.285152250271434 0.173416024142025 0.398928968152889 -0.900434651120658 0 0 0 0 0 0
-1029.43827786453 734.042314310469 -313.345582176265 -0.949431160393676 0.290196660126048 0.119859793613156 0.0396615272254285 0.489540817172877 -0.871077925090096 0 0 0 0 0 0
-1029.59210197788 734.049427289111 -313.844147962141 -0.28749717197589 0.841707127842236 0.457027884319399 0.0828825174134296 0.497247180335405 -0.863640972832491 0 0 0 0 0 0
-1029.87464319107 734.314321131232 -314.252062064982 0.191605898666409 0.715219805878118 0.672121870553738 -0.197620867274357 0.698898687308594 -0.687376619980189 0 0 0 0 0 0
-1030.07376708752 734.767887407811 -314.335536425918 0.88825221896941 0.38246635457568 0.254415964737446 -0.139335635077905 0.752092156458992 -0.644160670166786 0 0 0 0 0 0
-1029.9304554287 734.739074993536 -315.190692746072 -0.209635401077628 -0.422112173424123 -0.881971831557844 -0.88467410766775 -0.302269075879678 0.35494383920343 0 0 0 0 0 0
-1030.47636946239 734.878421024322 -315.279707008746 0.0845132499595611 -0.913365970132939 -0.398271408946498 -0.914875863183385 -0.22949365302009 0.332166852932781 0 0 0 0 0 0
-1031.60683922956 735.26111620763 -315.021215323577 -0.976752834604111 0.0736268488454444 -0.201328058705265 -0.0105611375704955 -0.954554764527948 -0.29784839077888 0 0 0 0 0 0
-1031.82490841257 734.812356286345 -314.946240544 -0.345435589908454 0.325210871926447 -0.8802909416813 0.147118714660345 -0.907668926505875 -0.393056234719312 0 0 0 0 0 0
-1031.90484062019 734.339511045308 -315.305687711575 0.24411836099522 0.711131840740208 -0.659316108486345 0.303030421790665 -0.70177886578679 -0.644731717076005 0 0 0 0 0 0
-1031.9841066759 734.143942896399 -315.741219285544 0.967647228631681 0.23509445592989 0.0915938737755252 0.242828255653067 -0.76919036272777 -0.591084278375376 0 0 0 0 0 0
-1031.59698928597 733.671764025387 -316.226914700791 0.77563523893047 0.378635097389688 -0.50500043480552 -0.111052199144151 -0.705741690587927 -0.699711422824282 0 0 0 0 0 0
-1031.81988721147 733.654364854975 -316.771000734979 0.977803000255064 -0.207339282762443 -0.0301946107046047 -0.167806821678622 -0.688640230651883 -0.70541867236783 0 0 0 0 0 0
-1031.82627681198 733.51524000377 -317.251958815132 0.62039969396967 -0.584096145342394 0.523388873323266 -0.18061162895537 -0.755810793345954 -0.629388182401937 0 0 0 0 0 0
-1031.90869298235 733.151319185338 -317.61553744005 0.209536894096578 -0.41284043556728 0.886372982876554 -0.548876418386038 -0.799865735006 -0.242795146784981 0 0 0 0 0 0
-1031.8457760525 732.654710205609 -317.728535999188 -0.612411364379258 0.0548014888877622 0.788637507093942 -0.542419467473072 -0.754849739200449 -0.368758718587937 0 0 0 0 0 0
-1032.06373195015 732.08351943783 -317.866857783768 -0.756069145140832 0.537597171862114 0.373294426119899 -0.653482137492577 -0.588406564225622 -0.476170989407959 0 0 0 0 0 0
-1032.4107781549 731.80821496078 -317.772902147656 -0.300813016320974 0.731097353056133 -0.612379122411659 -0.516100483164846 -0.664764317268067 -0.540119147747537 0 0 0 0 0 0
-1032.27231609543 730.454344076756 -317.995054655947 0.286599848310987 -0.884970910105235 -0.36699729592334 -0.867367116423795 -0.0770009218208878 -0.49167585194395 0 0 0 0 0 0
-1032.65154080382 730.426972077114 -318.400244448367 0.299784088535464 -0.922963389308979 0.241387825408008 -0.70789298444437 -0.384829799936558 -0.592278268767799 0 0 0 0 0 0
-1032.71350834095 730.239315277939 -318.80518530103 -0.473933204838093 -0.643788247404216 0.60076951475278 -0.616785175578047 -0.24422804625113 -0.748283842275743 0 0 0 0 0 0
-1032.84331200622 729.814846559742 -319.063567628598 -0.889973051695469 0.195486777549735 0.411986513199411 -0.451079954298414 -0.244861440993572 -0.858236418211262 0 0 0 0 0 0
-1033.07922447429 729.44693747655 -319.156547401012 -0.693775548451227 0.703760959879461 -0.152957509524379 -0.272777230792072 -0.453338380759882 -0.848573446963113 0 0 0 0 0 0
-1033.56451825298 729.275519732029 -319.410899153366 -0.183970433301511 0.887354739766405 -0.422795985653183 -0.517115009126413 -0.453175006315389 -0.72610225243189 0 0 0 0 0 0
-1034.01105725647 729.272531994035 -319.573788050317 0.606640506777791 0.355115686779431 -0.711252518124975 -0.590495480021751 -0.397734869546817 -0.702226503074212 0 0 0 0 0 0
-1034.34102334329 729.307312717498 -320.027896594058 0.835686193500329 -0.304968854631704 -0.456752212581018 -0.549199600701291 -0.46842587253254 -0.692067193653205 0 0 0 0 0 0
-1034.34340921415 729.179779244185 -320.552725017473 0.617238437249883 -0.741635894286191 0.262665018392358 -0.38600983246134 -0.576363800220599 -0.720278542674865 0 0 0 0 0 0
-1034.36674423049 728.966857315467 -321.002622791 -0.0491098599169221 -0.615179212639879 0.786856249893255 -0.369233988428814 -0.720815866253673 -0.586592489506411 0 0 0 0 0 0
-1034.27745843775 728.498878374518 -321.133587024103 -0.754343506128714 -0.179902526294726 0.631348521652934 -0.351020485837695 -0.702157371562424 -0.619483368689006 0 0 0 0 0 0
-1034.48770146814 728.07517263809 -321.417840712276 -0.472404376280132 -0.0397043191979715 0.880487178956991 -0.591203995319365 -0.726638594157999 -0.349963125768796 0 0 0 0 0 0
-1034.6415461731 727.587341804783 -321.372158949539 -0.779047412386055 0.501910213131713 0.375727650310455 -0.614133530116142 -0.731516806404912 -0.296180973618569 0 0 0 0 0 0
-1034.93861594617 727.18074175497 -321.246679115198 -0.636606796867651 0.689679023605665 -0.345071920880817 -0.625222618154409 -0.723515381533373 -0.292612662802073 0 0 0 0 0 0
-1035.36209367272 726.971648546703 -321.199606887654 -0.121550813893211 0.325029563502483 -0.937859894915914 -0.509928879695548 -0.831093066197556 -0.221938849619037 0 0 0 0 0 0
-1035.79447268225 726.814672724273 -321.359496119202 0.593816185352209 -0.0385128478042697 -0.803678479596712 -0.360620991331453 -0.905648684822142 -0.223053716154782 0 0 0 0 0 0
-1036.14443408243 726.427158628326 -321.6414279992 0.876438177872488 -0.0192091110753737 -0.481131094838303 -0.170671361667341 -0.946724555139123 -0.273100536437798 0 0 0 0 0 0
-1036.19749713032 726.076940915921 -322.040813019284 0.957637006551459 -0.00211049209349086 0.287970327474033 0.0820184892549606 -0.956559967699831 -0.279760604113233 0 0 0 0 0 0
-1035.89151129222 725.855454002136 -322.380340675345 0.259042826427109 -0.331621471814091 0.907151593454765 0.345091002549433 -0.845440843521255 -0.407605176690529 0 0 0 0 0 0
-1035.49118291924 725.502872402232 -322.418043756148 -0.28892193466045 -0.327174202966536 0.899711707484859 0.409795358975149 -0.89160606454348 -0.192630188265122 0 0 0 0 0 0
-1035.10085907454 725.179174481212 -322.331814570477 -0.690220702790978 -0.358541495199291 0.628524762964539 0.378403536690375 -0.919221728191701 -0.108821770983108 0 0 0 0 0 0
-1035.46609973528 724.67781010401 -323.091214298141 -0.985760444525749 -0.165100165199593 0.0319105226941077 -0.122454006807145 0.834860865935891 0.53666782160387 0 0 0 0 0 0
-1035.46597693448 724.353443605033 -322.377434684211 -0.789298617651258 -0.601641167417131 0.122619728605116 0.61014618046026 -0.79090020866879 0.0468881477226607 0 0 0 0 0 0
-1035.30953386669 723.896742175613 -322.179037138414 -0.823830913959126 -0.297585676308131 -0.482436928998951 0.345246520219346 -0.938451202010922 -0.0106855846868609 0 0 0 0 0 0
-1035.31471352473 723.326305362654 -321.960541007059 -0.362934887130066 -0.0842029035705114 -0.928002229918051 0.417160564316729 -0.905214852782709 -0.0810131710272197 0 0 0 0 0 0
-1035.4179221286 722.883182827771 -322.168388522128 0.537856552426921 0.397184497371475 -0.743609308749956 0.481643961936855 -0.868705684671722 -0.115626672304665 0 0 0 0 0 0
-1035.30814377081 722.582945191697 -322.515244516971 0.887491302496424 0.456679088585133 0.0616716956358378 0.457945776152495 -0.888949045266819 -0.00743377581053349 0 0 0 0 0 0
-1034.99420219761 722.226044422775 -322.792218238651 0.570110823667542 0.330722793928726 0.752061222449757 0.674187531510756 -0.711467121800788 -0.19820622329127 0 0 0 0 0 0
-1034.15808401653 722.114396710281 -322.920251980435 0.970687981884991 -0.0843941000765422 0.22503883597589 0.0531212547081236 -0.837831546198887 -0.543338230287235 0 0 0 0 0 0
-1033.89198786316 721.810768043819 -323.253103803636 0.481645718557084 -0.229755054244736 0.845712727139452 0.252775657116436 -0.887586553430882 -0.385090349577163 0 0 0 0 0 0
-1033.51653091755 721.517637859961 -323.44275130229 -0.346687014141176 -0.40769823701145 0.844742719271889 0.157819162046981 -0.913111832449429 -0.375925382929998 0 0 0 0 0 0
-1032.84933481819 721.016300818485 -323.653631575854 0.712430065958848 0.0509260555491102 0.699892804637601 -0.694046673421621 0.198443897184276 0.692039908373889 0 0 0 0 0 0
-1033.13146993564 720.967099401455 -323.279460422516 0.762930724701762 0.576158546531783 0.293220119643882 -0.607852884073133 0.484883294107705 0.628810831982659 0 0 0 0 0 0
-1033.19963135301 721.102940962394 -322.728775537258 0.406343189668408 0.851080941181121 -0.332485253459448 -0.466365770174409 0.50609454786209 0.725514491263518 0 0 0 0 0 0
-1033.07271194607 721.245530679158 -322.315969984964 -0.45561140721988 0.714446008639338 -0.531022736189352 -0.270064523416456 0.457482423799028 0.847216020331425 0 0 0 0 0 0
-1032.97371535457 721.559619100056 -321.930185835857 -0.850441844250947 0.277059738644272 -0.447198580911343 -0.295431952199364 0.451839402619051 0.841760723638221 0 0 0 0 0 0
-1032.90827887838 721.340131083 -320.975329867766 -0.232730829184589 -0.960704777059064 0.1512702630467 0.971938095885472 -0.224278941199413 0.0709598076403817 0 0 0 0 0 0
-1032.60715589193 721.188414267915 -320.585550176209 -0.0188641712660289 -0.757160180407655 -0.65295681652562 0.989248102338064 0.0805943046231438 -0.122035855723798 0 0 0 0 0 0
-1032.13254520193 721.018429473361 -320.433456105567 -0.152521422612048 -0.227752021108246 -0.96169965817123 0.97969678324206 0.0932752036837517 -0.177465346708487 0 0 0 0 0 0
-1031.60054906505 720.883887465784 -320.668887897498 -0.419573348291144 0.367962398311854 -0.829796287550792 0.906143322839536 0.11590518639128 -0.406780366094914 0 0 0 0 0 0
-1031.18146958993 720.984144276411 -320.972598991603 -0.638586936163325 0.351397266292832 -0.684636170679919 0.751658487795676 0.475538735075048 -0.45702563294338 0 0 0 0 0 0
-1030.5416990472 720.236061589018 -321.371847701729 -0.119731681041369 -0.236248704515294 -0.964287754857949 0.918178892231118 0.343100015447696 -0.198065396423465 0 0 0 0 0 0
-1030.10212985662 720.085017605472 -321.482021715596 -0.311507453344579 0.508098588386307 -0.802993730356435 0.941734703187814 0.277906515155112 -0.189482763452037 0 0 0 0 0 0
-1029.78447896979 720.076847288933 -321.904707010138 -0.224425452084987 0.970264263060463 -0.0906668422543912 0.967757318741318 0.210988953819065 -0.137584277402375 0 0 0 0 0 0
-1029.44700838752 720.217620512767 -322.211755111273 0.048031130360714 0.736705894798092 0.674505326210348 0.905306605990756 0.25321444521373 -0.341031367888717 0 0 0 0 0 0
-1029.3148614206 719.923247972406 -322.942538594919 0.376183796989743 -0.825685914411378 0.420390915249731 -0.057124813673098 -0.473524042277798 -0.878926468509794 0 0 0 0 0 0
-1028.98885787501 719.726065590032 -323.284946292409 -0.561445715890103 -0.749039252469913 0.35173698464715 -0.0819672448492868 -0.372623759767354 -0.924355399415197 0 0 0 0 0 0
-1028.69129447005 719.315101132901 -323.552438464784 -0.893919235996916 -0.439827036436365 0.0863746347855289 0.146492183194595 -0.468799589057291 -0.871072319363887 0 0 0 0 0 0
-1028.20518745466 719.787454336288 -324.54852949958 0.0949547314841255 0.829223255933293 -0.550792511556889 -0.0163191664695104 -0.55192152221864 -0.833736360078532 0 0 0 0 0 0
-1028.47017290138 719.70976892513 -324.971395336713 0.874905787333544 0.432412156153994 -0.218081614310157 0.0858515650329444 -0.581658235099206 -0.808890107692049 0 0 0 0 0 0
-1028.46764206314 719.729533421215 -325.419619431375 0.816561708386171 -0.467717962315435 0.338329549588195 -0.0412420003107138 -0.631868335172516 -0.773977715710242 0 0 0 0 0 0
-1028.13565242673 719.541476446023 -325.792499882708 0.216139493236674 -0.824945339647186 0.522253679793311 -0.11283070745577 -0.552417614225095 -0.825895883842661 0 0 0 0 0 0
-1027.94676397662 719.199015828326 -326.14523410718 -0.64316203207879 -0.658591361223935 0.39064052454043 -0.165180320309955 -0.378815057708198 -0.910612219243355 0 0 0 0 0 0
-1027.98941795523 718.813483829506 -326.527111392201 -0.90154941958591 0.112913168509188 0.417683205815427 -0.432672603916298 -0.231366547041498 -0.871357526351735 0 0 0 0 0 0
-1028.28918392444 718.495659217639 -326.818951413604 -0.70678877107991 0.705221899597679 -0.0557826622078988 -0.278665262607524 -0.35002548750566 -0.894330939592102 0 0 0 0 0 0
-1028.61195834169 718.599608547502 -327.291482190061 -0.0591207393824147 0.98556342897091 0.158648875351727 -0.174146625814081 0.146307200953189 -0.973790098361124 0 0 0 0 0 0
-1028.9701656973 718.67466620726 -327.541226502746 0.723308659661974 0.68188039363256 -0.108920666712133 -0.119370428983321 -0.0318888796952308 -0.992337543397167 0 0 0 0 0 0
-1029.10619404807 718.935724462674 -327.975255373077 0.996020309383951 -0.084400681463085 0.028636834020396 0.0148028620510456 -0.160187175592225 -0.986975655247055 0 0 0 0 0 0
-1029.04334630287 719.060059683536 -328.449342627836 0.759670659785812 -0.615217973743345 0.210730475828216 0.12353392580738 -0.181624811356954 -0.975577673521488 0 0 0 0 0 0
-1028.76977100258 719.038406065582 -328.853594832655 -0.0868072853602319 -0.955282196516412 0.282666623828903 0.070124467754989 -0.288893153110056 -0.95478966537538 0 0 0 0 0 0
-1028.88044250952 719.569309896864 -329.626343712643 0.838619385989393 0.507058764106193 -0.199019936656319 0.532454441567018 -0.840157198153472 0.103092919474914 0 0 0 0 0 0
-1028.59305135975 719.210640760509 -329.816498146699 0.71597634215261 0.634967905536145 0.29016139718688 0.671717950582675 -0.739803867137647 -0.0385387212114034 0 0 0 0 0 0
-1028.20119401825 719.144017615041 -330.025041365401 0.340945166717053 0.112440265077034 0.933334655995529 0.57143531131819 -0.813134972627906 -0.110784481167065 0 0 0 0 0 0
-1027.67445627494 718.943976677046 -330.078185198035 -0.317758140190657 -0.196225606155629 0.927645016066128 0.658076592353608 -0.749984238177971 0.0667745541374734 0 0 0 0 0 0
-1027.2941291937 719.169681938375 -331.526942963203 0.515541028209668 -0.0485259351431833 -0.855489732171437 -0.515806796870049 -0.814812491576755 -0.264620392019449 0 0 0 0 0 0
-1027.62933673166 719.016969507744 -331.927602562137 0.862219564733556 -0.38872501965573 -0.324761883978124 -0.505823315019148 -0.694723639447058 -0.511372504907921 0 0 0 0 0 0
-1027.58808584682 718.82754269787 -332.405255703996 0.373840918145601 -0.802230193907398 0.465477909146433 -0.399010452733481 -0.592158285950112 -0.700099437929637 0 0 0 0 0 0
-1027.51267666927 718.431188606446 -332.70728450298 -0.116466102997769 -0.639801790738396 0.759663949006225 -0.312514938761958 -0.702410793386568 -0.639494714899166 0 0 0 0 0 0
-1027.28327236441 718.06897817075 -332.890136584318 -0.897905751158534 -0.219483739523542 0.381565394291751 -0.201723991444239 -0.565275082873431 -0.799857182225424 0 0 0 0 0 0
-1027.39887407293 717.578029163195 -333.064236962751 -0.953352401678106 0.301764951039793 0.00755728382912829 -0.203089986718497 -0.622688728453781 -0.755654156840636 0 0 0 0 0 0
-1027.64906069117 717.143867090095 -333.233140854551 -0.640988111443256 0.684896081580784 -0.346484629417637 -0.177281345997882 -0.57131624798005 -0.801354521516213 0 0 0 0 0 0
-1028.08574464354 716.911547307916 -333.394053490894 0.149176851772975 0.690085724665201 -0.708186387548222 -0.462265014982106 -0.58444669354447 -0.666883136934753 0 0 0 0 0 0
-1028.46533660957 716.71406828921 -333.720770021428 0.659090307953274 0.441999748953494 -0.608470367304142 -0.332226909582183 -0.554727200953442 -0.762825676725163 0 0 0 0 0 0
-1028.67568657196 716.739261352967 -334.111685519121 0.858498005281299 -0.512774579966013 0.00658825231161946 -0.387884233552434 -0.657700537342383 -0.645736652622694 0 0 0 0 0 0
-1028.59160090324 716.253911026944 -334.457168876366 0.903588656337873 -0.396296194237625 0.162717136683778 -0.239377692955816 -0.782057318824912 -0.57539957437158 0 0 0 0 0 0
-1028.48596286371 715.99244972131 -334.899240419339 0.470510237494278 -0.604007300988438 0.643269225726161 -0.124901689680005 -0.767252333917052 -0.629065516471411 0 0 0 0 0 0
-1028.2668530213 715.590913009944 -335.142351166995 -0.557518353875842 -0.386383823154169 0.734765830925881 -0.224968557974691 -0.781647069033341 -0.581736200862284 0 0 0 0 0 0
-1028.18400561368 715.192129390861 -335.223006707691 -0.986178883938146 0.0951555379980577 0.135634186183057 -0.165137632593573 -0.630944748872962 -0.758048999847929 0 0 0 0 0 0
-1028.41398622028 714.772294624305 -335.36668219565 -0.547689537416346 0.742175926262492 -0.386278481256214 -0.17776409770029 -0.554358837872234 -0.813072078257009 0 0 0 0 0 0
-1028.78311793192 714.506649169287 -335.567345320513 0.390783796311472 0.718406492847405 -0.57548252412623 -0.0780479370223 -0.597084639454713 -0.798372377310918 0 0 0 0 0 0
-1029.77715801901 714.394880839941 -334.668324656675 -0.814130963076121 0.553856793505528 0.174451790612891 0.491297519439931 0.496844597816991 0.715382550116831 0 0 0 0 0 0
-1029.08826998476 715.251781325153 -334.500793569724 0.271854295259257 0.960992022126164 0.0508878724153919 0.742194350081825 -0.175711641923855 -0.64674026130927 0 0 0 0 0 0
