t = 400000000
b = 100 100 100
E = 0.203329881227664 0.0517932507828427 0.151536630444821
63.1265462996503 -51.418478653579 8.39489475384426 0.815795309498367 -0.530970623165625 -0.229233964175287 0.244400234763091 0.675742823791331 -0.69544242129574 0.143483452653955 -0.0320878127554547 -0.208841572363548 -0.0601873694404693 -0.0108221217238922 -0.147861315392713
63.2517473978955 -51.4240836535563 8.10437472067511 0.764816616360933 0.438645717428458 0.471853237684612 -0.30727259097148 0.892101819090688 -0.331267111562438 -0.197164925690266 -0.350212125981871 0.321877385395422 0.317784877179332 -0.197909933184039 0.15114508946236
63.6794894963107 -51.9804241466151 7.60542603518989 0.911128211784019 0.128750842632507 0.39149534124215 0.328770180131483 -0.799884786685383 -0.502090128049921 -0.0136864833496596 0.667335513476497 0.0165951273905092 -0.0242960453246979 -0.332986241593418 0.0110076308618218
63.3184959200573 -52.495830374141 6.94019714369121 -0.853359942498487 -0.469736097380585 0.226107955100962 -0.51707803543326 0.817888798319539 -0.252365248913208 0.070451867634426 -0.350755657619108 -0.600814642636017 -0.0554410682698587 -0.272352897060514 0.0115223206243707
63.9724965347644 -52.2127466420685 6.26621383932138 -0.711657184568184 0.652351438834263 -0.260732912958708 -0.600245837148031 -0.757461389493856 -0.256821296642994 -0.546404122957144 0.173062873031017 -0.0314205790677647 -0.0830213686065298 -0.167335679385753 0.146227474582281
64.418796491281 -51.8549544497743 5.93490759670267 -0.865080601189675 0.496471041301396 -0.0717778419065885 -0.332983950951318 -0.675348833146677 -0.658046838739301 0.136157721519821 0.00765646040424035 0.24435713992876 0.141066824616213 -0.0958418195554727 0.243476827753287
64.7734369209695 -52.2376018089691 6.68838913815455 -0.788159179051433 0.355648690719011 0.502313763768678 0.126090244409212 -0.705529880304319 0.697372811534737 -0.21133837517888 -0.483630991947403 -0.107679402051989 0.0341345601747897 0.104379028773919 -0.271556239477051
65.5189013585781 -52.7015477838369 6.55906387184521 -0.359295702209142 -0.186357064670815 -0.914427494572293 0.932687427974807 -0.0384914997065047 -0.358625941830707 0.29394656102276 0.151888175613899 0.229174164921336 0.150959945932298 -0.195595647940108 0.145051569371872
65.8611871904392 -52.2663853677868 7.15214057476474 -0.882075715189611 0.402570485835297 -0.244702751536446 0.0426600456066432 0.585540171882969 0.80952012181399 0.650062758241997 0.428704378309705 0.353046692926556 -0.424536252404761 0.0591511015225772 -0.0846345421001858
66.0937262912932 -51.3719748286426 7.26694557228475 0.0523273877294672 0.845029321233409 0.532153446619876 -0.551254862815512 0.468780259484807 -0.690190658108077 0.250407310755132 0.0482836487094244 -0.224693680566347 0.362332300579337 0.460679824840264 0.000233696663562927
65.6874229889763 -51.2888613133428 6.53410118473313 -0.625438740214536 0.690943811946204 0.36252314543869 0.67509100029341 0.712147125037232 -0.192610003973582 0.0519442428416246 0.465931144632722 -0.675409498569798 0.91899045750366 -0.485089516781046 0.06675181574455
64.9899464077603 -51.210257560768 6.11965836192849 -0.674477422394941 0.699101172518009 0.237355760941443 0.518504262290649 0.677402171528156 -0.521804204643123 0.117501612621768 -0.0451990380432344 0.401472278228936 -0.2439608093372 0.180575825270252 -0.214823446176696
65.4511907421608 -50.8883284549999 5.39738285589924 -0.263564990503809 -0.0869184191608585 -0.960717796335442 0.797057366171554 0.541355997735868 -0.267643865509169 0.187309743971557 -0.15940059609071 -0.0933403327445792 0.0242022307988729 0.356613465426579 -0.132732327443958
66.3148536404302 -51.3524370261236 5.25848534266829 -0.00352366134286981 -0.741583793256138 -0.670850997899817 0.971710368657921 0.155883835207377 -0.17742375647598 -0.0095410773416825 0.477451960370284 -0.439069987222699 0.251242725666576 0.0854761132618887 -0.401823694036353
66.7640552507507 -51.8086285256096 5.23773044039679 -0.452461201591271 -0.88468937113413 -0.112265656600635 0.426378190640021 -0.325176479712452 0.8440745793975 0.67977415384052 0.125162811192333 -0.220882634270469 0.047047014535907 -0.563902375750808 -0.241430340309799
67.7020377728353 -52.292745235737 5.5696025298861 0.816917993638024 -0.559437902810078 0.140264837246207 0.0994364015608081 -0.102941517656276 -0.989704726667955 0.256742630570444 -0.357545156812175 -0.281266692126354 -0.408033053323911 -0.700763412636263 0.174203644624363
66.9592563032555 -52.6233746273506 5.49699795000161 -0.0775450556162337 -0.21894387048435 0.972651194380785 0.780365587126154 0.593848876716804 0.195890433802296 0.0988796027517069 0.413918408115773 -0.176759676917681 -0.208819852245968 0.0736154190716208 0.446186621479381
66.9125026487795 -52.8472566780806 5.55571889100936 0.466362685139448 0.870461894571118 0.157486304218219 0.771121224178859 -0.312809335531811 -0.554547001821282 0.160309851145725 0.388242775689156 -0.0225067584819381 -1.05751168607474 0.652647569941833 0.26633541843029
66.9630501071342 -53.6929002213685 4.49074812491951 0.536530872655215 -0.503930650457028 -0.676896241842853 0.530304795055463 0.825295555850187 -0.194072331463846 -0.380213918004973 -0.206903625204747 -0.0751463457872194 0.112239921648271 0.17826873845031 0.285842420040211
66.0831264493111 -53.6678792261071 4.05889095434632 -0.663373597160377 -0.744996817606794 0.070108575392021 0.384733035720351 -0.419933286768949 -0.821971122296307 -0.379680550785659 -0.102906328152376 -0.135770525096698 0.204951194742173 0.387817987925123 0.620402203236292
67.2874011652731 -53.3669764249729 3.34176264943724 0.967172821224188 0.241247093342397 0.0798534522661542 -0.254049300872513 0.925313946405612 0.281519188178471 0.174682946437048 0.0145391994157966 0.177167400619716 -0.140504770502047 -0.17699877087543 0.105416162958298
67.2461273123081 -53.0991105833091 3.14746545744586 -0.0123213845032802 -0.698345622457417 -0.715654647913703 0.970848303393433 -0.179692898313067 0.158631756271884 0.431287367390057 -0.14777673617894 0.159874641278584 -0.203534669598306 -0.168491003850223 0.274255170855288
68.2453183793555 -52.3871375255869 3.94545694063154 0.909362202971487 0.374365644508218 0.181413196925266 0.120386312754543 -0.654241585524262 0.746642540624123 0.387502402673607 -0.00317791715728267 0.201668625883563 0.4981532559752 -0.451404986571675 -0.611969756074146
68.6510491336336 -52.9091086970631 3.12521582502589 0.424080130053685 -0.618209709386351 -0.661795133346822 0.832220957110154 -0.0221713690119418 0.554000639843599 0.136889109673671 0.107720476715162 0.637971346838085 0.301812419003609 -0.194025781225753 0.290147236168362
68.7259586020945 -52.6706271727132 2.78823612453793 -0.336220201109283 -0.875427304946802 -0.347250644505698 -0.725780091880166 0.00588014170934506 0.68790165151571 0.0548369423790967 -0.230246775108652 -0.195192486088791 -0.609766977661219 -0.38890186170042 0.0359343875891736
69.594721254967 -52.5069145412818 2.90083257444402 0.247146078696573 -0.140641855839361 0.958717207612118 -0.353931524373569 0.907944013941801 0.224432937874249 -0.532560042221038 -0.0849854864425249 0.033519859010436 0.384266123389903 0.185700651414198 0.176162065038979
69.8604553197609 -53.3778955191899 2.62493566802202 0.745880821149032 -0.625671646704548 0.228466170716703 -0.555754392407877 -0.395518010750818 0.731233586824424 -0.135675950319688 -0.343320297149767 -0.520266360748652 -0.121125146956079 -0.333410400903794 0.360722114462966
69.3377595941593 -53.7337423932467 2.18050870316551 -0.136970612073421 -0.661513178293554 0.737319039743857 -0.705808012946578 0.587435379014004 0.395922624182465 -0.0371446404656215 -0.427804571994399 -0.192450665744193 -0.0402614936035021 0.694413845940645 0.0226890415186443
68.5485334960602 -53.222343107338 1.21020528962943 -0.438815363347481 0.0632372750820325 -0.896349331416584 -0.828615971069523 -0.4143692286563 0.376422256028479 0.186075223047775 0.0402921587578367 -0.121890795954214 -0.0302939282079787 -0.0708381390965112 0.00131570229373405
68.3048469896162 -53.6754153252676 1.30932835999593 0.652889429917173 -0.326818620291168 -0.683319092174889 0.0126786313299499 0.906716000888609 -0.421551119125261 0.529590906816766 -0.513169809749455 -0.203245771982093 0.479541063824061 -0.232622368494699 -0.0204806725354293
67.6565929320648 -53.1423397832566 1.40635894669576 0.171380797333339 0.199219910728798 0.964852345945025 0.984757269118975 -0.0641569006166955 -0.161669456060571 0.270895985879678 -0.384705354252719 0.346917808639524 -0.228630533737632 0.269147042085517 0.195182356733466
66.6654161383715 -52.8142594303398 1.38355500715669 -0.717865853894999 -0.239116635764389 0.653828609280368 -0.680880740976545 0.0453279884011012 -0.730990280397724 0.0747971481004106 -0.109521755218571 -0.111158358380758 -0.356279469942766 0.349995103728783 -0.206169683117685
66.6806149614206 -51.7098133692907 1.02540834841116 -0.826009432506252 0.550132994277587 0.122727771984193 0.0899881510519462 0.343651471473 -0.934775801369263 0.0807043268294029 0.391544908890166 0.00321919276127721 0.07549405350347 -0.259390432327233 -0.0479441272922147
66.5054973001014 -51.2746234803523 0.348867761269901 -0.0367508382971527 0.907141269264006 -0.419218431706981 0.999160593038211 0.0409519367261298 0.00102381584510971 -0.301297510004012 -0.151966805305492 0.427486761441955 -0.120482940555888 0.320435271446692 -0.312062937509625
66.4868556389205 -51.9692502719473 -0.109808232779059 -0.409589180496516 -0.885569759352505 0.219095651572082 -0.544850833664413 0.0448399864152725 -0.837333233947119 0.16330672180458 0.279568296017435 0.0791556086527224 0.368508314151308 0.103406430077759 -0.124722851788246
66.6543042766069 -50.656449192653 -0.000380005309409626 -0.651625377875124 0.518679126172751 0.553494653083743 -0.180594087333608 0.602619361463494 -0.777325981052376 0.218363318074328 0.384364376593174 -0.146842925573842 -0.244635289409695 -0.0896985440255804 -0.242483788737671
67.2916395637089 -51.6354156575776 -0.151949690033462 -0.0949308158921339 -0.516196088147587 0.851193126599843 0.364955611453516 -0.813567329209962 -0.452676045872756 -0.571247654126134 -0.0533117212938146 0.181834881866466 -0.240582981500478 -0.204795544463227 0.0683862166747373
66.8565213754644 -51.830299977941 -1.28818695464315 0.188499843536829 -0.727323068509748 -0.659900722074331 -0.212110339446077 -0.686238552689445 0.69576278478872 0.25476632549677 -0.411310402052083 0.082075983027709 0.434611819213607 -0.37569945007057 0.315310421166458
66.1288324262688 -51.9987417578884 -0.832473203266773 -0.438409129673182 0.281448498555629 0.853571425056456 0.45940173595329 0.886440637288731 -0.0563297572812435 0.0393444841292407 -0.198267871223653 -0.409082135366727 0.383185203434313 -0.00727711970785202 -0.411468932322273
66.1774265318735 -51.4856719985565 -1.86477888634506 0.629298805350873 0.738100299085613 -0.243291927671048 -0.774404072207975 0.621902664702256 -0.116341774875202 -0.446931589273883 0.268325495588291 0.217758922202774 0.0922246441827008 -0.088666816463858 0.336174335071293
65.1605012484987 -52.0963434239606 -1.89783131096713 -0.460118525526215 -0.559219201310734 0.689612084697902 0.165664404769671 -0.817148957463289 -0.552107676381694 -0.0610492098444584 -0.808501916267343 -0.0630874320339973 -0.0104267440366674 -0.441394066201797 -0.0786929595714952
64.8026128568625 -51.7054063395622 -1.59455156104438 0.013012646890846 -0.733466312225787 0.67960123590801 -0.0662318131937789 -0.678798422116008 -0.731331695642234 -0.210117188644781 -0.338225150758132 0.060267755031946 -0.0191030096265183 0.254881696836989 0.0780571154100147
64.3237339453003 -51.8049319183708 -2.395274552381 0.383069467660531 -0.169880254977568 -0.907963921043968 0.819426911789826 -0.391218146671364 0.418912756970405 0.323139531915799 -0.0892520023555688 0.11188882306961 -0.107143258310611 0.100273165230266 0.27773796306893
63.3840604996995 -51.8526320598264 -2.52125789082078 -0.738674884273127 -0.659626365085563 0.138753284047983 -0.57971077230485 0.726707885271355 0.36855266918665 -0.4234339745527 -0.262262404908758 0.43599604691405 0.115152619619503 0.225086426216914 0.419607310694865
62.8431701341692 -51.145439384977 -2.98379823617479 -0.4696983903565 0.689381019021202 -0.551486384882896 0.711490712798832 0.665419072531422 0.225828305387392 -0.128002090299456 -0.23605064504285 0.212199562795651 0.0220493459294067 -0.31251135514239 0.172085949559064
62.3269874841141 -50.9513225184549 -3.06829834254997 -0.266512294809648 -0.205269464721355 -0.941719514277104 0.951056235857488 0.102546233491782 -0.291506957440322 0.231837818866172 -0.00952589100817377 -0.487663672525713 -0.101797284004434 0.21896842353236 -0.0300072465840297
61.6731644152627 -50.97390644961 -2.51856787775404 -0.561430577663534 0.809991093082092 0.169440655114888 0.513962604039339 0.180831952105809 0.838535775477274 -0.450949027127826 -0.295700392781248 0.812494303883914 0.236330100648537 0.445869327253811 0.391471282130074
61.5936629743274 -51.7492689749277 -2.35958619779053 0.79083125810093 -0.308524876138335 0.528581424197581 -0.600068659924288 -0.220921422430065 0.768837647674713 0.359628864293368 -0.0127989482960587 -0.201506765039789 0.703342098144656 -0.442490432790119 0.10260318356363
60.6151333854357 -52.384663552728 -2.43003357565254 -0.645576372616022 -0.294894777704796 0.704463070147441 -0.514539200962468 -0.51369132923204 -0.686564366206195 0.490285130519213 -0.328595800706063 -0.0790295719362246 -0.237032507495722 -0.0247652428806802 0.0149825695472574
60.3302330124776 -52.5670208023251 -3.6398443509196 -0.8830409349877 -0.191233505172884 -0.428565576822245 0.450757436488921 -0.0914792212733899 -0.887946668176323 0.352142354730922 0.112640289744525 -0.278686233893668 -0.173555957935478 -0.787014413181433 -0.198657772424206
60.5333954558353 -52.2634557197268 -4.48064271647546 -0.658716397018664 0.29694453492038 -0.69131516074869 -0.610814260179914 -0.747549858152658 0.260912148316019 -0.190054163738566 -0.415046485659334 -0.45529679728414 -0.0420357081846622 -0.057572339262746 0.195522762645457
60.5818132873399 -52.2911420424426 -5.23131437059428 -0.64853568451445 0.687066514840131 -0.327629470748432 -0.306756945523527 -0.629831717505936 -0.71359104815029 0.0898504877737687 -0.173999781238421 -0.269097086521837 0.0801122958248107 0.31899769322394 0.363896095635621
59.9215640113272 -52.5799887236534 -5.02401379267421 -0.769745017958878 0.634798903061797 0.0672529552950617 0.435015796786856 0.598740187857511 -0.672511296549172 0.472974542597592 0.274946010876939 0.0868005200875286 -0.317836422572304 0.197977265438609 -0.309133799504269
59.3703228814618 -52.6732441851962 -5.34920746948326 -0.788944967709717 -0.0596086458024416 0.61156573421656 -0.293995018025448 -0.837350207371817 -0.460881285781741 0.0785702772974962 -0.335700761552156 0.155775797388907 0.468530134401529 -0.0423764877657122 0.362268185157997
59.9910767299536 -53.0021680861449 -6.38547484802365 0.882396529152101 -0.461665818697298 0.0907801586156111 -0.367960864161234 -0.797357579414094 -0.478357285938182 0.0153416870074341 -0.300815331658281 0.572682692308025 0.40178402206395 -0.47353608824245 -0.381627865544929
60.6798487526669 -52.5746645758927 -5.96561515719418 0.976225669401086 -0.171671250186307 0.132334516500696 -0.21675507264386 -0.770840928364753 0.599017112977847 -0.162245887296351 0.0937434860513831 0.33119943128387 -0.0160653611474971 -0.510191626144089 0.219788156216507
60.3330068550994 -51.5865291829134 -6.33211553430047 0.818016277945831 0.53789508986474 0.203760254504804 0.50018635717884 -0.490298813199675 -0.713737123783849 0.421619520699362 0.218229187179144 -0.0808489775844481 -0.272949051735308 0.00965102579563835 0.102470886265216
60.5745868795463 -52.2797997073347 -6.58488682483383 -0.589491561061832 -0.797980322583554 0.125407751779443 -0.0480476289155214 0.189614735843476 0.980682250938024 -0.0496533197088401 -0.224045398032391 -0.63561099954425 -0.166161129645478 0.404450056324836 0.474745830182222
61.4071684556641 -52.7965261358003 -6.63992086390645 0.891502167954236 -0.293516771845352 -0.345067803764025 -0.448956004360651 -0.674197355041557 -0.586426834843614 0.696208522038164 -0.185576437766917 -0.562790744041315 -0.19069309262702 0.38352097686152 -0.520615477279371
61.4540720663039 -53.0876223247751 -7.32907747102502 0.951089923849597 -0.188576574459878 -0.2446769958856 0.285593776050886 0.838663566288077 0.463766770755433 -0.0627175027722084 0.327152380677552 0.399517168108883 0.322508784631458 0.145070236271515 -0.379338986955954
61.0428943391339 -53.8364175912011 -7.87405694140874 0.561592200545885 -0.433384707246944 -0.70483465848977 0.73884457744846 -0.120791113788535 0.662961686074984 -0.0949871532447452 -0.214321698675257 -0.527214132789043 -0.124273212572184 0.458984910478595 0.118468497975722
60.6368774128954 -53.2674211111894 -8.13590119693477 0.208436553679039 0.891757163741148 0.401650798591644 -0.977925229569056 0.196205095204242 0.0718735416390425 0.328076150712146 0.458383869792105 0.200469635925097 0.336396202170895 -0.028908605852761 -0.521641387519642
60.501850478313 -53.9327646253228 -8.74297504834907 0.0348334511092453 0.977051257891094 -0.210136789134115 -0.534279810774591 -0.159489166129174 -0.830125466234903 0.442018770388773 -0.0371333627208885 -0.755162903075931 0.267907452362433 0.191317930393868 -0.0991708560447532
60.9082794732741 -55.0570136956017 -9.20610431792886 0.158244679750294 -0.149681318077422 -0.975988793148286 -0.183296821114361 0.966809598969128 -0.177992906352777 -0.147349096446294 -0.499273707035333 0.0188796771400203 0.280907319150037 -0.680629964828855 0.0117003870473615
61.187629088997 -55.7888292099561 -8.48550203698761 -0.557473574979842 -0.598765472025049 0.575067928781884 0.65282407519819 0.111763103740742 0.74921941745137 -0.319220211855072 -0.00285690787435334 -0.229887014420557 -0.255882588253505 0.413023424529646 -0.390287453107012
62.1903207292025 -55.6237546803647 -7.97517806178855 0.81417736470504 -0.375381030706728 0.442949546313714 0.388215605850953 0.919241743108019 0.0654466277940487 -0.19615547902296 0.367908730484904 -0.17144685278598 0.0883416817301154 -0.0585883165834593 -0.429883504381837
62.1285970055479 -56.1055111481559 -8.10450771886994 -0.567439894871441 -0.14619273335279 0.81033304907458 -0.463952248812803 -0.756260493937531 -0.461322421014068 0.163062745273342 -0.0481413878768771 0.275758393513486 -0.113266311391169 -0.0365921780595743 -0.189728409053052
63.2714291817986 -55.4730307455267 -8.77307104943699 0.370130778781165 0.695061487890128 -0.616354390465779 -0.927502052959954 0.239084808854267 -0.287364569715187 0.17031866677319 0.25093562830702 0.0209971424725494 -1.07109119598522 0.422662599176509 0.295464468479924
63.0713998589172 -55.4130799221045 -7.82526187486383 -0.497094310568945 0.847239604212359 -0.187302694759857 -0.80944872121918 -0.530547834627959 -0.251618288079785 0.259473988971375 -0.437314533374733 -0.177718882760992 -0.171076429853613 0.636967236414686 -0.245468149823688
63.2122752701629 -56.7288909664417 -7.4663899669771 0.302735364200749 -0.930800278060879 -0.20484662951581 0.177109146565849 -0.156246428789038 0.971709526396305 0.210604302251373 -0.208974148780042 -0.549289557087356 -0.335016423982882 -0.591926752931742 0.122151233684267
62.8100449859631 -56.9533629720865 -7.15600183824772 -0.810375585143367 -0.0221455850381653 -0.585492087109858 -0.499840679288249 0.547504185715183 0.671117323540809 0.183699883437929 -0.233449963901749 0.305993521173396 0.032888327837528 -0.41544762296746 -0.0803608856890771
63.4373233347325 -57.6124630301889 -6.15336714553334 0.544054408281638 -0.629621751641219 0.554600081771595 -0.523608281454267 0.261711780168889 0.810765879722467 -0.747760218751696 -0.256120762031624 0.401406564902593 -0.051944240618368 0.288819602598756 0.555547880332442
62.9429892573008 -56.8569626157739 -6.07129191604533 0.920024984605695 0.272062137978081 0.282021667228073 0.26977367433172 -0.961741161580726 0.0477085188442892 0.296862949789281 -0.418145867015914 -0.0898273453922038 0.808690242225547 0.116129658706639 0.0961645069559522
63.0178691748735 -56.2303335770937 -6.27369386415464 0.434362042776441 0.142976086672428 -0.889318533726132 0.109249545584704 0.971670016131306 0.209575562824265 0.0491151684587443 0.116185799431054 -0.0792651851506471 -0.700529936229876 -0.610020311497701 0.253745279704427
63.1770854746427 -55.5904456326026 -5.28524353455437 0.70719096773559 0.187503943849075 0.681706099572328 0.408797354595628 -0.895122941652932 -0.177875355802905 0.000909191526871125 0.300581818056514 -0.56872953811584 -0.693278709022581 -0.154496729132337 0.394969838332052
63.6403918145349 -56.2674771093835 -5.86224999700828 0.206594019732066 -0.912446494605754 0.353214248716087 0.959230554566532 0.117723765217222 -0.256939405878582 -0.593791314165608 -0.0965171297056327 -0.290973966072265 0.117182625492231 -0.170407237346619 0.320530112624715
63.8531587220064 -55.4806568116442 -5.89386404553161 -0.923121067205137 0.356583042350604 0.143861145518917 0.298988719422603 0.900924111630316 -0.314549663388385 0.124707051400808 0.272963133132396 0.0245613422200855 -0.274990000175733 0.163295144009976 -0.00737860536578812
63.999470870851 -55.8034712523718 -6.55560053753119 -0.567701109903251 -0.783420897694219 0.252917272768738 0.822855148757173 -0.549325128002394 0.14543489232169 0.543089091402283 -0.268549584139914 0.167476955258136 0.362136903386668 0.149680207855978 0.154861184302906
64.8542298224346 -54.8446181289058 -6.79561624370214 0.976809367680221 0.0934669217787571 0.192632795098103 0.0745686874729731 0.694854160102473 -0.715274218073581 -0.223295778946904 -0.436323462239335 0.17404485937468 0.141851427749435 0.162776373945858 0.0818948544138147
63.9165084128154 -55.4826109283129 -7.29154359752042 -0.831147362229595 -0.290789823660461 0.473957108517512 -0.528382247252861 0.678553224120957 -0.510272204633571 0.233389162943379 -0.441940657837429 0.005544135572393 0.10548737535057 0.0594428998543819 -0.00611147461961063
64.4704513424129 -55.4083389148757 -7.99666419759521 -0.0293846339229716 -0.8873878613336 0.460086216754664 0.177888107869562 -0.457579910349371 -0.871192542855159 0.0446815333727355 -0.248900666479897 -0.386393763422369 0.454813894615506 0.127812557852686 -0.085265048050643
64.6521181111348 -55.637873215121 -9.05223343352402 0.156137000868724 -0.0256901302701747 -0.987401262997592 -0.717859220831402 -0.689596990139272 -0.0955726438812973 0.320160350375939 0.362193455161345 0.339977170066569 -0.0787446955677609 0.442263779029668 0.105483813836342
64.292342016238 -55.4483073643514 -9.07609970952223 -0.390208049487794 -0.895317675765903 0.21481140002929 -0.691570406969435 0.130979714953461 -0.710334207594089 -0.00271723271660638 -0.223070174542812 0.550185139448533 0.0255387114622068 -0.83416089707562 0.0534058255804954
63.7634445108149 -55.4887921747906 -9.71587378651053 -0.824378957325674 -0.0844309797163514 -0.559705944565198 0.0316564053586556 -0.994142290294724 0.103339143824574 0.117088118495677 -0.152346080730161 0.040796765287825 -0.0643478236025219 -0.0861865308329232 -0.286600544260649
64.1194334739452 -55.2214396416645 -10.5242246102044 -0.45087732813246 0.469294076513403 -0.759257996153315 0.696173156943699 -0.347464180043348 -0.628181167446662 -0.163623305377261 0.194782019002802 -0.207563351849517 -0.00301453718092755 0.31729016774662 -0.279405686467844
64.2927725573126 -55.7979900473524 -10.897921287264 0.554469238855605 0.544303138485961 -0.6295220064474 0.2309880707384 -0.827386645543298 -0.5119334428991 -0.0957917062701506 -0.400032630866546 -0.458355887753943 -0.104056213504002 -0.0440549169935405 -0.649651384865428
63.6595762709486 -55.3661186101375 -10.4791649012414 0.463783196758424 0.865525510635065 0.189131533190941 -0.278231952847531 0.344971833685389 -0.896427026801905 0.226530611214689 0.0111964589265054 -0.323852600065989 0.0918199177512939 0.595658754840571 0.233520687969012
62.8401440039186 -56.1020434960714 -11.2443962201059 -0.878885708686214 -0.0812017387215084 -0.47007040823823 -0.1862823054779 -0.848744670032518 0.494905433154572 -0.538158564841146 0.166366217069662 0.0370839347059634 0.0358124323044447 0.114196576539682 -0.430114378172177
63.4519427263266 -55.9938966739781 -11.7797599943952 0.943798457081567 -0.293767802151909 0.151475908408583 0.328422882988706 0.781959802875185 -0.52978984193054 0.329308326235565 0.120151383005087 -0.548513041068276 -0.291139598155056 -0.145250156766516 0.0208959085095614
63.6354029486719 -55.039861323501 -12.2975352352654 0.0393127134314827 0.879750668646043 -0.473807209293465 -0.941329512318204 0.191668557528794 0.277780332803407 -0.749477525879232 0.116994291532188 -0.264596328052464 0.503788246206755 -0.00240651148797969 -0.0868721013401303
63.8178994446395 -54.9660712948209 -12.8502126451191 0.0669442607554549 0.997583547478045 0.0185884843607906 -0.680310257839887 0.0592654164765989 -0.730524170364558 -0.108938439526516 0.349939437864054 -0.0474737328380564 -0.406151669603926 0.264378838757639 0.665397576663189
62.911049722018 -55.8345799449753 -13.3455907084646 -0.698852980454268 -0.618856964998247 -0.358637098719045 0.220003967473892 0.291114133769982 -0.931048234738116 0.274723582088534 -0.443260790565631 0.00711225976695346 -0.33716599461594 -0.23183074370798 -0.544742859557178
63.2957837824819 -56.4350189581885 -13.0475604875969 0.0139157517273442 -0.120734371365335 0.992587307712238 0.174331540369788 -0.977186559910879 -0.12130515725416 0.349160318393998 -0.0843262292770458 0.442712819753827 -0.0558224873676518 -0.248278807841344 -0.583475356330149
63.9964648079929 -56.5513473598183 -13.4675472388533 -0.152940480146897 -0.955521659509581 -0.252165754511712 0.548041023308351 -0.294343124494109 0.782951570557922 -0.225704767852168 0.11376018441586 0.362038789427884 0.0435448414927135 0.542373020333282 0.114497763770683
64.6947492341845 -55.6167987484233 -12.7477304967123 0.719018596211967 0.113619569167366 0.685640468328097 -0.681999807171878 -0.0745060502314411 0.727547325953448 -0.0489250441827655 -0.0979353725340414 0.220103366121096 -0.0463019637360772 0.1103276457915 0.460028004669101
64.2320047159564 -55.2934700037551 -13.4902605632738 -0.881795368938801 -0.417589541061189 0.219216565349399 0.308706700049414 -0.862442709506434 -0.401114380417738 -0.4476599881794 0.34730490173201 0.678325468015693 -0.215815682404351 0.132951073484464 0.0409460379342423
63.9912011983878 -54.8834171181556 -14.2321532056537 -0.849474559122622 0.486887080879779 0.203307510640577 0.146506167633734 -0.152511545793454 0.977382305573327 -0.126937202684346 -0.249779860171777 0.117005688284099 -0.0365964448701747 -0.477455042293264 -0.0630097624853358
64.9995880009991 -54.6072071038741 -13.9448685918491 -0.145296884635926 0.340769355289939 0.928851474569021 0.961760004926729 -0.171663303108212 0.213423061747343 -0.16763271821983 0.18583798263287 -0.082601760418675 -0.290613334889345 -0.275136181117232 -0.180506389759036
65.8052264010581 -54.5958680294584 -14.0521059629092 0.805468018120238 -0.487857519518131 -0.336476317798959 0.171614578172474 -0.351427385919401 0.920351687664578 0.444663504981618 0.477700483043161 -0.22564650893398 0.211359325020492 0.200051928886302 0.00207324494385009
66.415172072178 -54.0896361555026 -14.2407076895118 0.959909355536848 -0.280216574031682 0.00725953199556607 0.276455860997902 0.950671671303441 0.140696589596137 -0.098515322720553 0.197765812209603 0.193076896278555 0.293422384893394 -0.06311368449919 0.0888244804952097
