t = 0
b =  100.0 100.0 100.0
E = 0. 0. 0.
64.8887988055 64.4286986877 71.0707164439 -0.59825088756 0.322776447323 0.733424325058 0.702809813557 0.651015621699 0.286769988445 0.0 0.0 0.0 0.0 0.0 0.0
64.9591226307 64.9609379391 71.0492445789 -0.258908663637 -0.141386125946 0.955497915897 0.702809813557 0.651015621699 0.286769988445 0.0 0.0 0.0 0.0 0.0 0.0
64.9704282178 65.4609482186 71.2455784938 0.178797290324 -0.551833746118 0.814561873413 0.702809813557 0.651015621699 0.286769988445 0.0 0.0 0.0 0.0 0.0 0.0
65.022490653 65.8351679784 71.6275918134 0.548575164359 -0.752630499971 0.364160156471 0.702809813557 0.651015621699 0.286769988445 0.0 0.0 0.0 0.0 0.0 0.0
65.1996008141 66.037825592 72.0926154522 0.709940161767 -0.667490343575 -0.224592092347 0.702809813557 0.651015621699 0.286769988445 0.0 0.0 0.0 0.0 0.0 0.0
65.5385418574 66.0883287608 72.5064433164 0.601587022153 -0.328759445811 -0.728018050303 0.702809813557 0.651015621699 0.286769988445 0.0 0.0 0.0 0.0 0.0 0.0
66.0146146813 66.0638912036 72.7543194432 0.264680914824 0.134872661981 -0.954857779137 0.702809813557 0.651015621699 0.286769988445 0.0 0.0 0.0 0.0 0.0 0.0
66.5510215281 66.0701978739 72.7845357092 -0.172781897275 0.547264390536 -0.818931073305 0.702809813557 0.651015621699 0.286769988445 0.0 0.0 0.0 0.0 0.0 0.0
67.048042736 66.2012534793 72.6280766112 -0.54460197784 0.751741227354 -0.371878760928 0.702809813557 0.651015621699 0.286769988445 0.0 0.0 0.0 0.0 0.0 0.0
67.4209219059 66.503668521 72.386847738 -0.709518661764 0.670619003457 0.216456510207 0.702809813557 0.651015621699 0.286769988445 0.0 0.0 0.0 0.0 0.0 0.0
67.6320662745 66.9589511858 72.1949601331 -0.604877343565 0.334717407994 0.722556334155 0.702809813557 0.651015621699 0.286769988445 0.0 0.0 0.0 0.0 0.0 0.0
67.7053288337 67.4905326942 72.1677792673 -0.270433009535 -0.128348926942 0.954144926259 0.702809813557 0.651015621699 0.286769988445 0.0 0.0 0.0 0.0 0.0 0.0
67.7169461798 67.9928570606 72.3580957674 0.166753346215 -0.542653358653 0.823237908425 0.702809813557 0.651015621699 0.286769988445 0.0 0.0 0.0 0.0 0.0 0.0
67.7665749564 68.3714835769 72.7360693747 0.540587317772 -0.750794706732 0.379569045377 0.702809813557 0.651015621699 0.286769988445 0.0 0.0 0.0 0.0 0.0 0.0
67.9394306291 68.5789664162 73.2005657578 0.709043129168 -0.673696593105 -0.208304444067 0.702809813557 0.651015621699 0.286769988445 0.0 0.0 0.0 0.0 0.0 0.0
68.2739127054 68.6328800959 73.6175791364 0.608121601225 -0.340649880151 -0.717039592544 0.702809813557 0.651015621699 0.286769988445 0.0 0.0 0.0 0.0 0.0 0.0
68.7470161198 68.6091426247 73.8711433173 0.276164509726 0.121815417634 -0.953359411552 0.702809813557 0.651015621699 0.286769988445 0.0 0.0 0.0 0.0 0.0 0.0
69.283071243 68.6131729817 73.9073891903 -0.160712096243 0.538001001615 -0.827482050792 0.702809813557 0.651015621699 0.286769988445 0.0 0.0 0.0 0.0 0.0 0.0
69.7824920387 68.739840684 73.7550105038 -0.536531489886 0.749791010185 -0.387230424173 0.702809813557 0.651015621699 0.286769988445 0.0 0.0 0.0 0.0 0.0 0.0
70.1596104644 69.0374232707 73.5143626299 -0.708513600193 0.676722878149 0.200136514736 0.702809813557 0.651015621699 0.286769988445 0.0 0.0 0.0 0.0 0.0 0.0
70.3752231927 69.4892648587 73.3193358808 -0.611319548071 0.346556410501 0.711468245593 0.702809813557 0.651015621699 0.286769988445 0.0 0.0 0.0 0.0 0.0 0.0
70.4514856107 70.0201039915 73.2864883407 -0.281874978919 -0.115272631611 0.952501294834 0.702809813557 0.651015621699 0.286769988445 0.0 0.0 0.0 0.0 0.0 0.0
70.4634946185 70.5246667242 73.4707635008 0.154658607423 -0.533307673718 0.831663177196 0.702809813557 0.651015621699 0.286769988445 0.0 0.0 0.0 0.0 0.0 0.0
70.5107580607 70.9076619559 73.8446163082 0.532434803051 -0.748730214151 0.394862313874 0.702809813557 0.651015621699 0.286769988445 0.0 0.0 0.0 0.0 0.0 0.0
70.6793900329 71.1199841117 74.3084779926 0.707930115164 -0.679697628126 -0.191953344235 0.702809813557 0.651015621699 0.286769988445 0.0 0.0 0.0 0.0 0.0 0.0
71.0093946972 71.1773691718 74.728583906 0.614470940567 -0.352436549238 -0.705842717579 0.702809813557 0.651015621699 0.286769988445 0.0 0.0 0.0 0.0 0.0 0.0
71.4794680318 71.1544163094 74.9877929498 0.287563982242 0.108721067131 -0.951570641455 0.702809813557 0.651015621699 0.286769988445 0.0 0.0 0.0 0.0 0.0 0.0
72.0150915851 71.1562464177 75.0300914359 -0.14859334075 0.528573732377 -0.835780969229 0.702809813557 0.651015621699 0.286769988445 0.0 0.0 0.0 0.0 0.0 0.0
72.5168432818 71.278564925 74.8818736238 -0.528297569243 0.747612399412 -0.40246413328 0.702809813557 0.651015621699 0.286769988445 0.0 0.0 0.0 0.0 0.0 0.0
72.8981695309 71.5713017022 74.6419140999 -0.707292718516 0.682620616497 0.183755555743 0.702809813557 0.651015621699 0.286769988445 0.0 0.0 0.0 0.0 0.0 0.0
73.1182683825 72.0196418704 74.4438416606 -0.617575538721 0.358289848567 0.700163436911 0.702809813557 0.651015621699 0.286769988445 0.0 0.0 0.0 0.0 0.0 0.0
73.1975908707 72.5496542208 74.4053714989 -0.293231086454 -0.10216122312 0.950567522287 0.702809813557 0.651015621699 0.286769988445 0.0 0.0 0.0 0.0 0.0 0.0
73.2100713235 73.0563789173 74.5835832337 0.14251675812 -0.5237995381 0.839835113306 0.702809813557 0.651015621699 0.286769988445 0.0 0.0 0.0 0.0 0.0 0.0
73.2550384758 73.4437034925 74.9532354091 0.524120103531 -0.746437651094 0.410035303485 0.702809813557 0.651015621699 0.286769988445 0.0 0.0 0.0 0.0 0.0 0.0
73.4194788222 73.6608775817 75.4163551448 0.706601458789 -0.685491620666 -0.175543773554 0.702809813557 0.651015621699 0.286769988445 0.0 0.0 0.0 0.0 0.0 0.0
73.7449889934 73.7217938344 75.8394596718 0.620633106108 -0.364115862738 -0.694430836085 0.702809813557 0.651015621699 0.286769988445 0.0 0.0 0.0 0.0 0.0 0.0
74.2119725006 73.6997098647 76.1042686678 0.298875859983 0.0955935991368 -0.949492013723 0.702809813557 0.651015621699 0.286769988445 0.0 0.0 0.0 0.0 0.0 0.0
74.7470847695 73.699416459 76.1526409294 -0.136429322287 0.51898545446 -0.843825300687 0.702809813557 0.651015621699 0.286769988445 0.0 0.0 0.0 0.0 0.0 0.0
75.2510979701 73.8174258039 76.0086631872 -0.519902724043 0.745206058659 -0.417575247914 0.702809813557 0.651015621699 0.286769988445 0.0 0.0 0.0 0.0 0.0 0.0
75.6365993284 74.1053048933 75.7694991541 -0.705856388626 0.688310421993 0.167318623028 0.702809813557 0.651015621699 0.286769988445 0.0 0.0 0.0 0.0 0.0 0.0
75.8612007007 74.5500843651 75.5684754064 -0.62364340988 0.369914148075 0.688645351663 0.702809813557 0.651015621699 0.286769988445 0.0 0.0 0.0 0.0 0.0 0.0
75.9436425381 75.0791857786 75.5244283883 -0.304497872959 -0.0890186953309 0.948344197665 0.702809813557 0.651015621699 0.286769988445 0.0 0.0 0.0 0.0 0.0 0.0
75.9566740757 75.5879953777 75.6965564598 0.130331496832 -0.514131848068 0.847751227505 0.702809813557 0.651015621699 0.286769988445 0.0 0.0 0.0 0.0 0.0 0.0
75.9994146822 75.9796086059 76.0619294504 0.51564575195 -0.743917715898 0.425083392371 0.702809813557 0.651015621699 0.286769988445 0.0 0.0 0.0 0.0 0.0 0.0
76.1596967541 76.2016457673 76.5242002136 0.705057564765 -0.691076805817 -0.15908073054 0.702809813557 0.651015621699 0.286769988445 0.0 0.0 0.0 0.0 0.0 0.0
76.48069672 76.266151949 76.9502085193 0.626606220792 -0.375684263018 -0.682807424231 0.702809813557 0.651015621699 0.286769988445 0.0 0.0 0.0 0.0 0.0 0.0
76.9445315937 76.2450208912 77.2205708511 0.310096697243 0.0824370124067 -0.947124161525 0.702809813557 0.651015621699 0.286769988445 0.0 0.0 0.0 0.0 0.0 0.0
77.4790530192 76.242681353 77.2750362005 -0.124223746129 0.509239088545 -0.851612594784 0.702809813557 0.651015621699 0.286769988445 0.0 0.0 0.0 0.0 0.0 0.0
77.985257638 76.356422881 77.1353764322 -0.511349511437 0.742572720922 -0.432559165082 0.702809813557 0.651015621699 0.286769988445 0.0 0.0 0.0 0.0 0.0 0.0
78.3749001195 76.6394338841 76.8971147885 -0.704205048041 0.693790561466 0.150830723439 0.702809813557 0.651015621699 0.286769988445 0.0 0.0 0.0 0.0 0.0 0.0
78.6040190381 77.0805944676 76.693235013 -0.629521313214 0.38142576815 0.67691749837 0.702809813557 0.651015621699 0.286769988445 0.0 0.0 0.0 0.0 0.0 0.0
78.6896385536 77.6087010669 76.6436586026 -0.315671906462 -0.0758490515848 0.945831998213 0.702809813557 0.651015621699 0.286769988445 0.0 0.0 0.0 0.0 0.0 0.0
78.7033006481 78.1195178725 76.8096846259 0.118106535308 -0.504307548494 0.855409108467 0.702809813557 0.651015621699 0.286769988445 0.0 0.0 0.0 0.0 0.0 0.0
78.743885131 78.5153777565 77.1707011824 0.507014329678 -0.741171176158 0.440001996737 0.702809813557 0.651015621699 0.286769988445 0.0 0.0 0.0 0.0 0.0 0.0
78.9000435464 78.7422876476 77.6320162079 0.703298903377 -0.696451482279 -0.142569229994 0.702809813557 0.651015621699 0.286769988445 0.0 0.0 0.0 0.0 0.0 0.0
79.2165189688 78.8104414014 78.0608325729 0.632388465152 -0.387138226233 -0.670976022621 0.702809813557 0.651015621699 0.286769988445 0.0 0.0 0.0 0.0 0.0 0.0
79.6771473619 78.7903469844 78.3366999325 0.321223076044 0.069255314564 -0.944467806133 0.702809813557 0.651015621699 0.286769988445 0.0 0.0 0.0 0.0 0.0 0.0
80.2109985652 78.7860393185 78.3972758259 -0.111980330216 0.499337603471 -0.859140479435 0.702809813557 0.651015621699 0.286769988445 0.0 0.0 0.0 0.0 0.0 0.0
80.7193238487 78.895555675 78.2620106201 -0.502640536816 0.73971318834 -0.447411320537 0.702809813557 0.651015621699 0.286769988445 0.0 0.0 0.0 0.0 0.0 0.0
81.113072206 79.1736896761 78.0247579896 -0.702339199777 0.699059365614 0.134296879351 0.702809813557 0.651015621699 0.286769988445 0.0 0.0 0.0 0.0 0.0 0.0
81.3467223206 79.6111742816 77.818118337 -0.635207458259 0.392821202241 0.66498344945 0.702809813557 0.651015621699 0.286769988445 0.0 0.0 0.0 0.0 0.0 0.0
81.4355768752 80.1382024925 77.7630616826 -0.326749783245 -0.0626563034829 0.943031689172 0.702809813557 0.651015621699 0.286769988445 0.0 0.0 0.0 0.0 0.0 0.0
81.4499488063 80.650948197 77.9229691315 0.105845597389 -0.494329631956 0.862806423529 0.702809813557 0.651015621699 0.286769988445 0.0 0.0 0.0 0.0 0.0 0.0
81.4884482447 81.0510114464 78.2795533317 0.49822846593 -0.738198868499 0.454786572233 0.702809813557 0.651015621699 0.286769988445 0.0 0.0 0.0 0.0 0.0 0.0
81.6405188776 81.2828022405 78.7398061454 0.701326010329 -0.701614012872 -0.12601430148 0.702809813557 0.651015621699 0.286769988445 0.0 0.0 0.0 0.0 0.0 0.0
81.9524567967 81.3546600982 79.1713339951 0.637978077858 -0.398474263394 -0.658940235215 0.702809813557 0.651015621699 0.286769988445 0.0 0.0 0.0 0.0 0.0 0.0
82.4098218386 81.3356857351 79.4526563974 0.332251607185 0.0560525208816 -0.941523756698 0.702809813557 0.651015621699 0.286769988445 0.0 0.0 0.0 0.0 0.0 0.0
82.9429236449 81.3294885459 79.5193584298 -0.0997028040091 0.489284015326 -0.866406661573 0.702809813557 0.651015621699 0.286769988445 0.0 0.0 0.0 0.0 0.0 0.0
83.4532981938 81.4348236634 79.3885630365 -0.493778453018 0.736628331956 -0.462127190171 0.702809813557 0.651015621699 0.286769988445 0.0 0.0 0.0 0.0 0.0 0.0
83.8511159289 81.7080732323 79.1524257355 -0.70025941219 0.704115229507 0.117722127133 0.702809813557 0.651015621699 0.286769988445 0.0 0.0 0.0 0.0 0.0 0.0
84.0893095089 82.1418258899 78.9431231972 -0.640700112958 0.404096979189 0.652846840129 0.702809813557 0.651015621699 0.286769988445 0.0 0.0 0.0 0.0 0.0 0.0
84.181455478 82.6676924667 78.8826371166 -0.337728128878 -0.0494444696639 0.939944123544 0.702809813557 0.651015621699 0.286769988445 0.0 0.0 0.0 0.0 0.0 0.0
84.1966163095 83.182288175 79.0364113286 0.0935524178751 -0.484201137824 0.869940919396 0.702809813557 0.651015621699 0.286769988445 0.0 0.0 0.0 0.0 0.0 0.0
84.2331024176 83.5865102188 79.3884886005 0.489290836965 -0.735001698313 0.469432615334 0.702809813557 0.651015621699 0.286769988445 0.0 0.0 0.0 0.0 0.0 0.0
84.3811223873 83.8231886022 79.8475730518 0.699139486585 -0.70656282504 -0.109420987789 0.702809813557 0.651015621699 0.286769988445 0.0 0.0 0.0 0.0 0.0 0.0
84.6885112251 83.8988059675 80.2817149855 0.643373356263 -0.409688921434 -0.646703728229 0.702809813557 0.651015621699 0.286769988445 0.0 0.0 0.0 0.0 0.0 0.0
85.1425570396 83.8810347303 80.5684407841 0.343178931267 0.0428326530584 -0.938292910005 0.702809813557 0.651015621699 0.286769988445 0.0 0.0 0.0 0.0 0.0 0.0
85.6748305024 83.8730271976 80.6412826842 -0.0873949073623 0.47908138653 -0.87340892785 0.702809813557 0.651015621699 0.286769988445 0.0 0.0 0.0 0.0 0.0 0.0
86.1871822932 83.9742262821 80.5150309918 -0.48476595952 0.733319091446 -0.476702291385 0.702809813557 0.651015621699 0.286769988445 0.0 0.0 0.0 0.0 0.0 0.0
86.5890316683 84.2425854766 80.2801149971 -0.697966318801 0.70895661308 0.101111515614 0.702809813557 0.651015621699 0.286769988445 0.0 0.0 0.0 0.0 0.0 0.0
86.8317795991 84.6725513533 80.0682473755 -0.645997604196 0.415249664282 0.640511367337 0.702809813557 0.651015621699 0.286769988445 0.0 0.0 0.0 0.0 0.0 0.0
86.9272723557 85.1971734041 80.0023843403 -0.348603599252 -0.0362175745805 0.936570241829 0.702809813557 0.651015621699 0.286769988445 0.0 0.0 0.0 0.0 0.0 0.0
86.9433009108 85.7135396576 80.1500125211 0.0812307413889 -0.473925151334 0.876810422832 0.702809813557 0.651015621699 0.286769988445 0.0 0.0 0.0 0.0 0.0 0.0
86.977846016 86.1218746579 80.4975096655 0.48020416527 -0.73158063949 0.483935664712 0.702809813557 0.651015621699 0.286769988445 0.0 0.0 0.0 0.0 0.0 0.0
87.1218536758 86.3634458285 80.9553199598 0.69673999818 -0.711296411328 -0.0927943434049 0.702809813557 0.651015621699 0.286769988445 0.0 0.0 0.0 0.0 0.0 0.0
87.4246832402 86.4428769597 81.3919777806 0.64857265691 -0.42077878426 -0.634270229023 0.702809813557 0.651015621699 0.286769988445 0.0 0.0 0.0 0.0 0.0 0.0
87.875354962 86.4263915538 81.6840536828 0.354001719723 0.0295997379941 -0.934776250203 0.702809813557 0.651015621699 0.286769988445 0.0 0.0 0.0 0.0 0.0 0.0
88.406721387 86.4166534091 81.7630473093 -0.07506038938 0.468732824903 -0.880145145305 0.702809813557 0.651015621699 0.286769988445 0.0 0.0 0.0 0.0 0.0 0.0
88.9209777939 86.5137629266 81.6414118223 -0.475605801615 0.729786474836 -0.491132184464 0.702809813557 0.651015621699 0.286769988445 0.0 0.0 0.0 0.0 0.0 0.0
89.3268198433 86.777227294 81.4078227383 -0.695460618111 0.7135820416 0.0844701045477 0.702809813557 0.651015621699 0.286769988445 0.0 0.0 0.0 0.0 0.0 0.0
89.574131623 87.2033527102 81.1934886174 -0.651098318305 0.426275860305 0.627980788577 0.702809813557 0.651015621699 0.286769988445 0.0 0.0 0.0 0.0 0.0 0.0
89.6730255205 87.7266477222 81.1223027369 -0.359372881592 -0.022979647273 0.932911071747 0.702809813557 0.651015621699 0.286769988445 0.0 0.0 0.0 0.0 0.0 0.0
89.6900003584 88.2447045229 81.2637739647 0.0688843212319 -0.463504802653 0.883412841319 0.702809813557 0.651015621699 0.286769988445 0.0 0.0 0.0 0.0 0.0 0.0
89.7226773794 88.6571053892 81.6066191773 0.470971218736 -0.727936734117 0.498291302599 0.702809813557 0.651015621699 0.286769988445 0.0 0.0 0.0 0.0 0.0 0.0
89.8627123046 88.9035730541 82.0630499081 0.694128276023 -0.715813329838 -0.0761394329649 0.702809813557 0.651015621699 0.286769988445 0.0 0.0 0.0 0.0 0.0 0.0
90.1609737921 88.9868710479 82.5021246528 0.653574396043 -0.431740473792 -0.621643524962 0.702809813557 0.651015621699 0.286769988445 0.0 0.0 0.0 0.0 0.0 0.0
90.6082175838 88.9717537871 82.7994957364 0.364716675825 0.0163578065629 -0.9309748485 0.702809813557 0.651015621699 0.286769988445 0.0 0.0 0.0 0.0 0.0 0.0
91.1385985532 88.9603652889 82.884651074 -0.0627030072761 0.458241482717 -0.886613262024 0.702809813557 0.651015621699 0.286769988445 0.0 0.0 0.0 0.0 0.0 0.0
91.6546863701 89.053432951 82.7677028906 -0.466300769575 0.726031558197 -0.505412473921 0.702809813557 0.651015621699 0.286769988445 0.0 0.0 0.0 0.0 0.0 0.0
92.064480912 89.3119995297 82.5355459178 -0.692743073379 0.717990106119 0.0678029630696 0.702809813557 0.651015621699 0.286769988445 0.0 0.0 0.0 0.0 0.0 0.0
