t = 20000000
b = 100 100 100
E = -0.65930889457026 -0.808435578791629 0.149126684221369
-53.3441199370019 56.5188994193531 156.660102801935 0.61952940651234 -0.107321914740684 -0.777602289787998 0.700993338700651 -0.370159827150947 0.609581857884328 0.117456854686108 0.350453627202725 -0.105752617617956 -0.12563955364212 0.265992052624991 -0.248749178966281
-53.1099574225625 56.1794321758164 156.823506140611 0.64474073041266 0.736374460763086 -0.20509033151866 0.573216039932505 -0.288258060736434 0.76702715857028 0.361437607591537 0.237946696537568 -0.322247681984871 -0.391953343317505 0.427908561432213 -0.225599219146888
-52.6901901383391 55.9564616736132 156.901711277114 0.00840392556291873 0.849882586220731 0.526905080327137 0.442861847464927 -0.475593664759464 0.760055294107597 0.0145357420813332 -0.0390760232803011 -0.0307291190509144 -0.0102795042010076 0.66090402565459 -0.248990665708454
-52.2797835063898 55.9607400976877 157.296280526962 -0.528627853099839 0.731585680415805 0.430505499543998 0.362661483423566 -0.263895988371601 0.893776009838084 0.552412385774816 -0.273013547313896 0.101272971241951 0.110950720817229 -0.0159902357224158 0.311544256721399
-52.0680192709924 55.9341933452997 157.71611025741 -0.983068676963577 0.0397592091336388 0.178871970028286 0.138152054776227 -0.480456104704917 0.86606924735367 0.0408924672499488 0.0138996383919874 -0.0549588879668043 -0.0271473427151611 0.0666577262438045 0.457407841442011
-52.0287609387005 55.9930430233716 158.197462322718 -0.68880018726612 -0.701595293839452 -0.18253313585206 0.187863117041592 -0.415930101693554 0.889780646991362 -0.554131544333595 -0.174748298884297 0.114641699576345 0.182127090543266 0.243219597637754 -0.611671962088949
-52.1502696538598 55.9365574046701 158.684471910884 -0.0160318532218216 -0.862506640546401 -0.505791730553133 0.338490080895462 -0.48066978285616 0.808938208384692 0.643546776635301 0.0597058738620347 -0.634203065697722 -0.0883554589577526 0.137555777996637 0.526429817580724
-52.3066311412541 55.620339997654 158.970248567253 0.876888137922341 -0.258208234404734 -0.405457397585499 0.291188565984649 -0.385778697134331 0.875433615916733 0.48104264948921 -0.545231123471049 0.0461824864425415 0.0940875852231165 -0.115765931777648 -0.0455575827669016
-52.3030246314198 55.2023457125147 159.18156766516 0.815860247535071 0.560970236869711 0.140301282385231 0.0485604719528326 -0.308241498919257 0.950067923312909 -0.200945148631477 -0.162149181809251 -0.0991450843631822 -0.128937590315227 0.246016244238525 -0.337307885945318
-52.0258842822437 55.2236544741215 159.680026084352 0.47565498976335 0.855268006963678 -0.205594180303755 0.350709135179321 0.0299563063274629 0.936005193474741 -0.0486174116223148 -0.509317203342689 0.0327040226240853 0.225770535321308 -0.253013839500895 -0.163702781216658
-51.6602172831399 55.232818251607 159.927508342055 -0.452377805423651 0.885096422757382 0.109355583219224 0.412837281027131 0.0991402003121141 0.905393063854515 0.240138116816243 -0.00377503161399012 0.0899829719636992 0.557448732500772 -0.220796489423355 0.148506884707991
-51.4962714322916 55.3687893922288 160.455577108245 -0.842286869935383 0.529494200866615 -0.100939189534104 0.0536744865381198 0.268718281614751 0.961722171222672 -0.120192432074277 -0.498383624781855 0.0465632705443827 -0.319078977363503 -0.21420331940806 -0.221390285321832
-50.9928681479136 55.3708646379122 161.542924948838 0.214606703418484 -0.522572295340893 0.825143720201922 0.388211724269421 0.820864723522007 0.418894691796473 -0.202124939901868 -0.322545635063133 -0.228916287553384 -0.635098213946082 0.237852713957851 -0.271001123690255
-50.9010693403182 55.7136476333028 161.921261140647 0.780397379561853 -0.613981798592771 0.118348134626585 0.54227921454133 0.758800556689622 0.360769966382609 -0.288816251052265 -0.264548192924483 0.644307924429071 0.253048950842531 0.319567092001595 0.488903212287183
-50.6312154173767 55.834325560488 162.249322533437 0.653537326103426 -0.215748564220194 -0.725493983728846 0.620526426617009 0.701573048053242 0.350345846437084 -0.0430882135645063 0.0830330849198415 0.702576079938647 -0.321766255461706 0.065263839089084 -0.252210797498564
-50.0226994112429 56.2952284638521 162.009537523525 0.996336583907451 -0.0706496893421757 -0.0481874772432596 0.0653759945155642 0.992489078115528 -0.103399270604311 0.129852680279869 -0.365806609795415 0.137597047430809 -0.0288443196022915 -0.106488322909151 -0.356219560845933
-49.8614173914508 56.6628180357206 162.257737799391 0.336166877033799 0.255490276446343 -0.906485824172798 0.028691470123809 0.959276102127096 0.281009180328354 0.115904650586671 -0.74028438786907 0.0919771930161925 -0.0871982495300513 0.225498976171549 -0.119372793997979
-49.4507923427794 56.9363903889467 162.423593414225 -0.392862037088772 0.435122222311711 -0.810140772622045 0.347915893220849 0.885817743372366 0.307052856638936 0.119448309359751 0.37322325661145 0.453909653095721 -0.553739388560774 -0.166036658235787 0.48942626937922
-49.4878455856137 57.690152675906 163.196064135718 0.252220424686101 0.955952403852863 0.150132804336519 0.888421952687492 -0.167269258016532 -0.427466290255996 0.00734091462197499 -0.109557633878587 0.416565757722169 0.329060012042236 0.14021910374467 -0.505259512693876
-49.3087241676601 57.5062702497178 162.466511356529 -0.767126191220609 0.00956928358863418 -0.641424847938796 0.257785208521573 0.920202152685821 -0.294575600579749 0.0924388560778908 -0.166502937419713 0.251871414119255 -0.0969075577595917 -0.126624133089947 -0.019819944098994
-49.0754580087757 57.7805434793093 162.057317572213 -0.984638504105805 0.15923835603919 -0.0716251505976545 0.173504253027827 0.93831352291477 -0.299105344144615 -0.189632466777209 0.113322398708282 0.043852558956693 -0.22154177929146 -0.164344374142489 0.498609252195757
-49.2199183550052 58.1018069165003 161.715092950492 -0.446723071208352 0.45421545696684 0.770796222292851 0.163438075837457 0.888473790636519 -0.428838336341914 0.0434305318648018 -0.459598318876208 -0.0870146861009916 0.0146793588689154 0.304344234730939 -0.0489982415744047
-48.01418006728 57.9779182468471 161.049292655453 0.988412967007258 -0.0326683849915635 -0.148231519162103 0.0352504402982963 -0.900462891270599 0.433502004495737 0.350628050178938 -0.306834037707366 -0.139887026923075 0.0995654611674917 -0.127751201318135 0.461338725943809
-48.4686730546653 56.8796682218235 161.10891221245 -0.321148488687203 -0.745399223944124 -0.584160633007796 0.537673562211864 -0.651291840367727 0.535468093510199 -0.26161037234403 0.241272850765578 0.0579480618561977 -0.214475338669795 0.196337968323083 -0.287339208133622
-48.4645057500387 56.50895749255 161.401724384725 0.232232314230935 -0.513973647241902 -0.825771906864601 0.498820962502033 -0.665903309603514 0.554752584155225 -0.298032664328623 -0.471582962616386 0.288072025542341 0.110608093574075 -0.2262782550331 -0.477495458442867
-48.409744323547 56.0063334489342 161.570071126669 0.718130796588069 0.101226500626989 -0.688506611850409 0.574900075322032 -0.64380358400904 0.504982028007557 -0.216598195765502 0.312301990728453 -0.141071133545956 0.331050320994852 0.25855295882255 0.302292116645523
-48.2107981438117 55.5710964624319 161.507340301198 0.728381941221894 0.665167207562139 0.164354293177861 0.531164745125346 -0.699700287847974 0.477790247620989 -0.491183302949176 0.302128778172395 -0.0563637961659594 0.70689754598942 -0.370692744179529 0.325610341630687
-49.0167233331323 54.3175654190311 161.317936620089 -0.431603791599364 -0.670642262553855 -0.603288589942383 0.66301140732007 0.217643773191889 -0.716273035758703 0.58785145334241 0.345773839701148 0.631963345665153 -0.133788737095184 0.136623065387714 -0.326243739823485
-48.9113084477914 53.7388716023069 161.289445455934 -0.408178960311416 -0.460686822569159 -0.788135513645121 0.793555366183529 0.247726679319709 -0.555788964583508 0.098422804743762 0.00721993718598376 -0.222656431226888 0.268780147593624 -0.551199825465771 0.514626523208904
-48.5451200807736 53.6506063566942 161.008271081747 -0.619464291449794 0.265666623199331 -0.738705108236388 0.728004426603547 0.546492293084814 -0.413951359995354 -0.306111093359506 -0.190890064407395 -0.0434397085766708 0.0725272183491382 0.57504045749456 0.280447915094328
-48.2244549558322 53.900660210856 160.670852864685 -0.873243440714857 0.310512637729804 -0.375536676048366 0.486856872431747 0.588238455586943 -0.645713485327095 0.0880885323812282 -0.570861119961175 0.360352408512934 -0.288596478143117 -0.332948231938587 -0.540086770948569
-48.0945973414954 54.0455835611618 160.092831974963 -0.869868861076017 0.466198012758904 0.16120662960737 0.170031440648056 0.590150141765583 -0.789184464725943 0.33710691682388 -0.184832913367919 0.295852247819102 -0.328316303461614 -0.229479709123706 -0.422228624634003
-48.3026287081871 54.1001110894986 159.574292134543 -0.330414473316494 0.735606017912702 0.591362885404585 0.163353851056504 0.661666965847957 -0.731787090382843 0.0992299564933426 -0.0507815838671882 -0.209194593648309 0.165191282428171 0.465912296766939 0.0723047503635956
-48.5237782714405 54.4499032272277 159.245676264364 0.233575144466938 0.649950450959572 0.723192272623985 0.137826953165924 0.714124558992776 -0.68631614087286 0.452534719631823 0.219238815761029 0.0107194015880349 -0.267668058455607 -0.299287981549282 -0.00056562764512763
-48.5735368373584 54.8382656510439 159.010309942701 0.799097510346957 0.245762374388806 0.548674789190536 0.250492070588092 0.693537797430237 -0.67546950050258 0.0696465354185835 0.784335236856322 0.566088311882677 0.248669861701736 -0.458301490336242 -0.514402246772097
-48.6165730307606 55.3558044382482 159.001757880814 0.962485520668392 -0.21641800279092 -0.163660840063364 0.0336967827738279 0.69384280331146 -0.719337675311885 -0.00663165771840575 -0.230781472901717 -0.204615521598755 -0.34818845323505 0.353377689601605 0.522708394997399
-48.4593213799151 55.7637473018553 158.924426084978 0.36098785877506 -0.587416577073981 -0.72431314415489 -0.189571166314401 0.714246328152918 -0.673732109686115 0.296676804003708 -0.171365386998424 0.446185034019159 -0.0299833571086065 0.4878668829857 -0.042560448457031
-48.3230928178332 56.1052420621232 158.508417920458 -0.303214874203027 -0.825101656669601 -0.47672633262881 -0.224016183703545 0.547977640930987 -0.805938741144397 0.356292564258923 0.333536372391333 -0.0514361174390621 0.103555504368079 0.882388922725712 -0.250265832754238
-48.1687745916 56.1861908426002 158.046746373351 -0.85440971864792 -0.479374038566495 -0.200460878547928 -0.0656097626202053 0.482244505962042 -0.873576324952685 0.536340420743898 -0.08451895332625 -0.115697403027253 0.167342527447102 0.0578886699381313 -0.137437393022713
-48.2470046299139 56.1754713993557 157.534043197327 -0.926863332358657 0.173000030094826 0.333159650490419 -0.162723427787445 0.614619944670985 -0.771857117386676 0.220454626342079 0.254070390203579 -0.225653567600752 0.35265814398227 0.217706471510108 0.448338384249121
-48.4936592314315 56.4912891087738 157.193374463594 -0.729723596112392 -0.0254343060135618 0.683269031461526 -0.554426632270678 0.606831051413974 -0.569532426178496 0.00225940735753495 -0.440992975826443 -0.223042535267796 -0.558659285520548 -0.103744946954208 -0.299460710768974
-48.8561669538841 56.6403794951785 156.878596569472 -0.170728393884207 0.322303008740058 0.931113626835145 -0.646225756167323 0.676731962446281 -0.352740872411255 0.258552081223441 0.150084261979094 0.123115895665786 -0.0247288916465983 0.192284388682508 0.19782498694092
-49.3488936624241 56.7715013823124 156.761695550991 0.318242028712824 0.66379253732131 0.676831942623481 -0.630638724209477 0.68129986651194 -0.371652110739257 0.448979264484748 -0.173727541258441 0.0901452821935301 -0.00822142425870586 -0.0856176446953173 -0.155314977653719
-49.73085551879 56.9875883197084 156.841122554889 0.654737568528115 0.745437860521805 -0.125064433223835 -0.674288139385339 0.50126464468891 -0.542281533032873 -0.490886356950317 0.405631353415728 -0.275953542424833 0.158899709787565 0.040670939892037 0.289966389197857
-50.7144387192987 57.2480819887989 156.988206596364 -0.897143952395888 -0.199025379161631 -0.394362304395935 -0.333104260670401 -0.281543371608127 0.899874925434776 0.126411993509264 -0.176686549000497 -0.0588416246197445 0.291056024258615 0.0691533144362676 -0.114723699487571
-51.0879514219915 57.4227315081217 157.310066513032 -0.307606481961399 -0.899616318497915 -0.309949563230438 -0.670046453680415 -0.0264828496330702 0.741846620660331 0.350480475915999 -0.143891129234802 -0.289687098473743 0.250186392439052 -0.0365106328304086 0.0205811186314879
-51.5658827711654 57.374490376374 157.27617248577 0.251282029249965 -0.803578639584701 0.539554178724831 -0.863535902387339 0.0656829855952672 0.499991490619245 -0.00122529590329494 0.0172618670345787 0.334685939974177 -0.0285750674981661 0.131524381978768 -0.164222399520485
-52.1081678546045 57.2043653447874 157.37507583363 0.59462422189571 -0.238762628705531 0.767733314289032 -0.776840744282937 0.0754911637021131 0.625155614407718 0.713957487750542 -0.20674307316334 0.297305516365696 0.206123002849629 0.0127432361061963 0.0027634785055898
-52.2630067809383 57.1675435428938 156.573850524347 0.33924670565296 -0.689094507292457 0.640359612031672 -0.0387961089866979 0.669900361849142 0.741436691242296 0.0858689053885174 0.185106177309535 -0.368845127966898 -0.0469083530721061 0.375123162536964 -0.39764138169151
-53.2146611541168 57.979586677029 155.607218323582 -0.86989500416729 0.279375390558702 -0.406487481816943 0.11855476244181 0.918392171293496 0.377492500598361 -0.0469921093887762 0.225759715942969 0.325216450866332 -0.426506474256827 -0.0171784449837162 -0.286934553917915
-53.1399469273071 58.4278240571948 155.378649670367 -0.70236710172881 0.141310095642148 0.697647411861854 0.366105508606585 0.912240178703639 0.183805911016551 -0.450532108789626 0.668065001479907 0.389949991882866 0.171071421133977 0.0580058883458836 0.104356453700272
-53.30029764626 58.8545395087441 155.395901197516 0.201901016494544 -0.204557228590752 0.957805992760982 0.513707855356012 0.854745436991509 0.0742595265656216 -0.113071235743494 0.252519229865582 0.0153702215758537 -0.0676904278415514 0.343402325874854 0.69155669362689
-53.9400276972516 58.6123438856753 155.10109817919 0.694585976288294 -0.660540730769496 0.285019761662017 0.692862463527068 0.720847413218365 -0.0179056832129016 0.176654813632246 0.0333635531046053 0.343677342443598 0.231264559113617 -0.187233017370957 0.016685001298582
-54.4820330575471 59.7342958918947 155.544619697408 -0.23525951595143 0.548407185345928 0.802435367623975 -0.953007762796521 0.03197054006461 -0.301254192695855 0.213004779480166 0.122110631198156 -0.49485315500603 -0.122234504271282 0.190425693637375 0.385844566239173
-54.9564916805337 59.5489567373914 155.746828242806 0.0550749095886592 0.936179092543438 0.347182172666617 -0.998429437198974 0.048060226352957 0.0287901645786841 0.649409744919472 0.13484762526786 -0.360881315073377 -0.00170566452839161 0.47312470587604 0.220615010196814
-55.3410543069186 59.6813296622873 156.087090837153 -0.00771563895846427 0.935807346750745 -0.35242740909664 -0.997493366523732 0.01758787940736 0.0685394064685523 0.300544808828895 -0.00472020770629463 -0.365754809655302 0.698848663882963 -0.0109083873070013 0.193841844332995
-55.6357558826044 59.9960501690556 156.31828622407 -0.347537840857832 0.229057914420097 -0.909257895765994 -0.885448284566194 -0.399255516740884 0.237857872921307 -0.226503081930872 -0.188680431997936 -0.26946097120012 0.411814906678878 0.0992492265522258 -0.321963439984442
-54.4350765368608 60.1410457310223 156.410676800757 0.718916347032361 0.00486847736831234 -0.695079552208267 0.488404485029581 0.70798747535852 0.510112530466446 0.282853470192821 -0.714022779399751 0.429366828970652 -0.409773124057438 -0.766062925625998 -0.0925969182985359
-54.0937224637436 60.1851129672095 156.652700746335 0.0986074165120146 0.653343378289224 -0.750612421595536 0.43327992664388 0.650849886101574 0.623428368722491 -0.590476887997652 -0.558031936916609 -0.00791463815404402 0.256703293505162 0.106921569365884 -0.13166296692449
-53.7721417108989 60.5839887439963 156.78778526448 -0.447111922251099 0.510418781370919 -0.73454992791729 0.384830106459912 0.851085428761284 0.35715456333368 -0.316937412369696 0.386062913358973 -0.422601398701694 -0.321431083938795 -0.316343995545578 -0.0490688828418798
-53.5839725918652 61.1166201176323 157.861068797324 -0.264460755631186 0.837562679398056 0.478068265849145 -0.015095258075037 -0.499251917067726 0.866325375646263 -0.461772702146615 -0.181411818185042 -0.217181443455047 -0.360280188422202 0.0469520370758465 0.496735520092139
-53.3124900582046 61.0865728854923 158.277759981683 -0.956010579751957 0.263847971221698 0.128171835769755 -0.0781669398157268 -0.650301423921594 0.755644087891524 0.187491933242502 -0.323955635479345 0.950355075040445 -0.269523486175458 0.304755757682347 0.225877527395786
-53.4705215328874 61.0644861187327 158.778591168704 -0.776150899537925 -0.387609476812828 -0.497341607580208 -0.168823109446042 -0.632206685123526 0.75618348633226 -0.145444467505834 -0.152268537033991 -0.499061471745707 -0.394483089060034 -0.263589380366627 -0.501559939955162
-53.7800202929747 61.0392344895928 159.114326681316 0.242371920589193 -0.828157948972567 -0.505381305216098 -0.0700220885232579 -0.53448681084356 0.842271189197416 -0.0756852691414854 -0.277155636288452 0.0688351316276255 -0.222467917425916 -0.138036284596538 -0.132240652498067
-53.9810252436413 60.5772783650469 159.379980919488 0.732717875939589 -0.549787376452872 -0.401071508550008 -0.0689204900357213 -0.646268417054611 0.759991512564514 -0.341485491290066 -0.36117834030189 -0.356155736774858 -0.0149918470826356 -0.0960336505055137 -0.546807014633347
-53.9915157772773 60.0791509376924 159.751906353315 0.812941888937064 -0.126524494757394 -0.568433846141162 0.385309103713739 -0.615035841367279 0.687944625991449 -0.59653624575095 -0.313604800936622 -0.454991246125315 0.367808797282598 -0.0352996115768647 -0.483125270948299
-53.8179591309932 59.5996484490997 159.823438408693 0.901590140887038 0.420097441233427 -0.103215104141417 0.420105194232308 -0.793368256144325 0.440543341703601 -0.0410415671273217 0.444880613665631 -0.0322108615947052 0.235937946445014 -0.34964573267345 -0.0608486793207868
-54.2556057660669 59.2123058948481 159.354645839632 0.822257585199447 -0.565718498513286 -0.0620890008131207 0.124164501932262 0.284791246701746 -0.950514135750775 0.00842298500523226 0.167192951918935 -0.231763117281027 0.279617534227517 -0.261715477930234 -0.211995023849297
-55.0548802840263 58.9994853772858 159.435845369422 0.174553409468837 -0.466067274010671 0.867359442986259 -0.734668415678304 0.524852725182006 0.429874325671842 -0.356099074283076 -0.303155211911577 -0.220572066227189 0.752056274854206 0.833512031537502 0.0446025729676339
-55.4940842260501 58.9846508749951 159.660377061391 0.603975001809601 0.168204184318457 0.779051698904334 -0.796993270007992 0.132358992572352 0.589307071607277 -0.176917611313288 0.147353458564725 0.497112531223067 0.0868443110181791 -0.562703184133526 -0.255249188682149
-55.8192899789096 58.864767599853 160.030436221282 0.618163955367196 0.737145484685952 0.272928303204497 -0.716588539612405 0.385771336736154 0.581103554151576 -0.374333888721455 -0.340208247619774 0.214186756417097 0.0565994031526137 0.00695976075355286 0.231023801963367
-55.9314481395532 59.0196222420818 160.537003325106 0.207752794459192 0.886529110670579 -0.413406473495323 -0.761664794574188 0.411789696014838 0.500295899405571 0.247247583681872 -0.553986044086822 -0.144743656813188 0.0417278145522005 0.217775367952901 -0.393986530091969
-56.0644713330627 59.3541474040994 160.888278870506 -0.397197651547484 0.151190161155647 -0.905193659265769 -0.84834036307652 0.315756664679824 0.424989831743007 0.0368604609786625 0.0223133451506903 0.176676931495846 -0.503438735587387 0.142248029273189 -0.140167830320342
-56.2692638257341 59.7272230480488 161.009269315786 -0.605204641111326 -0.618960197205186 -0.500615238135017 -0.662302030769865 0.0425794938117806 0.748026073572872 -0.480996761402575 -0.233075305801151 -0.121230110319295 -0.494883612105298 0.138044489955427 0.19463869049522
-56.248672697188 60.6103548088144 160.770777027154 0.722126446525227 0.137050964349226 -0.678048986725237 -0.524900009817889 0.746984313730329 -0.408037271254693 -0.00253563979596588 -0.0715294482148516 -0.308834050727836 -0.13441522505011 0.0406537624174018 -0.190842377225223
-56.9508778367313 60.0910419408964 160.661492930256 0.694559817454702 -0.611926171619424 -0.378329248754795 -0.564198103435473 -0.137003880815045 -0.814193120040005 0.401943211767663 -0.404424705622893 -0.00496735320685608 0.211302786609794 0.433767884153735 0.427428353628406
-56.7407296026666 59.9350968779288 160.098147464916 -0.0762149817662324 -0.930596145152112 -0.358025266123111 -0.701082714361645 -0.205306240567843 0.682885330935771 0.219299197456397 -0.337356341984807 -0.0819324256276371 0.211062413543072 -0.0250830818517933 -0.228730768661151
-57.2631642908074 59.7211340689475 160.165687050593 0.60374137152586 -0.750043632447255 0.270057226772919 -0.676059947699634 -0.302226829207296 0.672013311492343 0.11998161143333 -0.043781113029157 0.418136370210149 -0.0607484094828195 -0.0365994458313568 0.115211509560065
-57.5892085314383 59.3814310352253 160.32749945644 0.785795056430774 -0.179780841209799 0.591781191338589 -0.61177875345658 -0.36647726570059 0.701014386830311 0.283595359387364 -0.180393146513128 0.360501012383222 0.477013912802917 0.000575901393755696 0.204922116816858
-57.7359629717171 58.993057150923 160.505940481226 0.550045709647818 0.313729606855178 0.773966052925187 -0.640732075790225 -0.435874044772954 0.63204131522136 -0.467132732076086 -0.476845722894611 0.221382406201212 0.183333868012131 -0.189841777452505 -0.298187498937746
-58.8387881606036 58.5990861323678 160.447949142396 -0.644039908341667 0.241101146708003 0.726004706265305 -0.383777224509574 -0.922799790832814 -0.0339939404415119 -0.22025883127057 0.257257831275293 -0.633678117341441 -0.644181052837847 -0.0297523606420655 -0.199398919756266
-58.9159365307393 58.1902207242274 160.758441577515 -0.860982083389945 0.504440683653001 -0.0651877960830335 -0.506822075455743 -0.840025748126927 0.193618507161985 -0.448875137666173 -0.233016689265414 -0.257518304693046 -0.217779491498233 -0.375058696055148 -0.0112533761852059
-58.2385204486379 57.0255286287056 160.540735913278 0.129121321766689 -0.934642334213374 0.331317659294417 -0.53975387356922 0.214040214342208 0.814157566206094 -0.643268566016244 0.0515567178547658 0.369620989794369 -0.446188690090961 0.357208483814373 -0.224314164020102
-58.628754324659 56.9618626098136 160.850199349534 0.673563728687272 -0.578617433813545 0.459906260757778 -0.511679816575953 0.0839914414685092 0.855060935296045 -0.324586181148173 0.0326271384314766 0.449481121475241 -0.29730233807565 -0.196207600460733 -0.352843290238905
-59.7600098049998 57.8263634422258 160.30637263347 -0.612702383873106 0.754074706065013 0.236573723114327 -0.421887203830382 -0.0589544469074517 -0.904729550988913 -0.248995920331008 -0.0503185984885014 0.122264981011684 0.213310439009391 -0.0441762971506081 -1.17667234689813
-59.9431534277432 57.1410467243002 160.404975992001 -0.00315284669232712 -0.295368501377875 -0.95537820152596 0.686493151792198 -0.695329819555781 0.212705417370811 0.0741617906047084 -0.39980371109661 -0.511089322389558 -0.192028607019038 -0.0679610922962096 -0.0809347820845408
-59.9534600680382 56.6693043349835 160.376225895053 0.616776347075218 0.224135688000549 -0.754552934559727 0.652476096653398 -0.68178825631254 0.330816742093963 0.314040212665675 -0.015358221310793 0.388099192153369 -0.242530324941106 -0.459800144872548 0.158526909078616
-59.7139630564643 56.2282045908419 160.326884610921 0.640915061438844 0.762581385250928 0.0877354825033849 0.716902099934075 -0.635506023025453 0.286676601432567 0.0912308100467803 0.307990634745904 0.036423957264913 -0.0140865727319796 0.168440338070725 0.281253595386738
-59.2715590556645 56.0614395562244 160.218481316214 0.284072595809026 0.417682423819048 0.863043540699313 0.673291292131635 -0.727753191519542 0.130591455204241 -0.260906529493943 0.0187359214772181 0.108258357724584 0.319494853788952 0.150717531597887 0.266573118647926
-58.7848566050577 55.9826866014596 160.289070214021 -0.280890504383468 -0.167952431011745 0.944929894470411 0.761899540147726 -0.637738607546455 0.113130717167103 -0.0381823646579579 -0.693169669423415 0.320341177343338 0.295711841342921 -0.431994647939815 -0.267645417744086
-58.3451581886441 55.7151162613949 160.469716640585 -0.68896283298127 -0.110142151729884 0.716379034577801 0.539726193707343 -0.737657146522214 0.40565696100375 -0.00847824533080908 0.0849507406608672 0.12210619763451 -0.202670453777962 0.103832814819821 0.0707351811787675
-58.1258653133731 55.6200141033528 160.887983205772 -0.645884471902411 -0.755217556819822 -0.111712536564793 0.704822365586939 -0.646106406493674 0.292868476377433 -0.304739774582144 0.0629741938255173 -0.00257425431293395 -0.636516865533218 -0.245999902844958 -0.210782863491609
-57.9465166150992 55.3311961182077 161.21503678531 -0.0581967307727023 -0.531549658935759 -0.845025502936336 0.820198676290923 -0.508006208200501 0.2630661966883 0.219531369962 -0.235806403826793 0.0917923981334016 -0.193605967411301 0.293757200250333 -0.0104072557878475
-57.7726703694211 54.8142172607113 161.266433764837 0.438763581071747 0.21854127688548 -0.871622756829028 0.849722678106826 -0.416454297256393 0.323322112771255 0.155805097108623 -0.435779084215139 -0.154720340750795 -0.00518159960095281 -0.0984348708349636 0.134332529470103
-57.4849383059338 54.3890313829492 161.228401620075 0.509147834657578 0.77212889490312 -0.380243937647578 0.856551896790796 -0.411360643575294 0.311610765250785 0.150275604174797 -0.323360617821489 -0.173842013868502 -0.528802059462246 0.124815557337709 0.464225462077941
-56.9514554747227 54.2565806674486 161.222221627522 0.285099897994926 0.824405999353894 0.488950709571069 0.805078794602855 -0.48279953888776 0.344605193995145 -0.153767389636738 -0.882141214366167 -0.22059993891482 -0.206069333204142 0.279939306083954 0.471098022017206
-56.5352102625858 54.4154673176627 161.066058366955 0.0893029280581072 -0.10391724124953 0.990568621555912 0.932091919285777 -0.341805986205634 -0.11988878928354 -0.178924453557794 -0.536897931909704 -0.0952511152633036 -0.584356012339757 -0.353887773399943 -0.342201380116113
-56.507204033534 55.1051282293277 160.508475679316 -0.73478669839224 0.058897122892005 -0.675736366329623 0.643457162607187 0.37570383174071 -0.666940410159904 -0.00252383589773231 -0.211298335032866 -0.0170121758894285 0.360072955314235 0.779935076637871 -0.264323278784989
-56.2573482117961 55.0638834433729 160.036627456966 -0.865493276549235 0.455047893276961 -0.209410608782121 0.471180429123772 0.597652987874897 -0.648690919693367 -0.177783946544314 0.35276238874355 0.671976806168625 -0.423619312000831 0.254713931759965 0.187676722281908
-56.2107812902229 55.2338912811421 159.512260666837 -0.458766122115534 0.784267846940437 0.417681205529609 0.32555211264566 0.585736523221092 -0.742245611179625 0.416511094064811 0.655470386294316 0.471839686220241 0.146666627604878 -0.187468238634 0.248520198678009
