t = 20000000
b = 20 20 20
E = -0.749227352521349 -0.9177273828194 0.16850003029805
-32.7967286865746 47.4412510159785 71.3845901567441 -0.583080211777216 0.728211720513699 0.360173786856825 -0.16411477149335 -0.53977661990252 0.825655825621797 0.392874997902127 0.273149984897042 -0.513368040913139 0.723770395406761 -0.00133137960551336 -0.300012412982818
-32.9016289597107 47.2506652667061 72.0345310129626 -0.748634116555497 0.653617448501042 -0.111045893863649 -0.379905211710487 -0.285656848955871 0.879813727308241 0.219449575757235 -0.282861292649227 0.850214564018926 0.18977093713288 -0.110800367965929 -0.0642500108157781
-32.541774419251 46.4946265291221 73.2264916515725 0.0121029024257248 -0.184613400365127 0.982736695233716 0.8946137925912 -0.437030281108669 -0.0931165694150556 0.0173322948413347 0.0227067288286871 0.291962049432173 0.0255343733505557 0.0757137072086243 -0.131606122909062
-32.0680875672328 46.5495000096815 73.3972384217657 -0.277356750999042 -0.734054520777589 0.619868690289483 0.919576819920123 -0.389710775691064 -0.0500398199015402 -0.28913523076194 0.044306839192504 -0.17370430751388 -0.0757802882472625 -0.136718919481915 -0.268279576067689
-31.6365164929688 46.5287127302125 73.6426577081896 -0.299107254747525 -0.903922256532375 -0.305711308758254 0.953763727806805 -0.273304963220637 -0.125056581588548 0.493273040885204 0.137208132687227 -0.200835020915394 0.157432352549313 0.0137971969077945 -0.0427826128154645
-30.8689610588682 46.000915380661 73.3517920459386 0.54479602693859 -0.701291402257525 -0.45976913570982 0.464646983222836 0.708867936673233 -0.530668850921414 0.0872546296521219 0.00738828705390878 0.171788114310152 -0.576365672913727 -0.199102698626904 0.491559826639197
-30.4260252230113 46.2503126092197 73.2567570508874 -0.272537683130253 -0.525703683687836 -0.805828051280369 0.521183335716186 0.623349007739481 -0.582927049570685 -0.75974648341532 -0.23526302119616 0.713645543689108 0.807558330221218 0.247685402962317 -0.150943684537013
-30.1224630665394 46.2462792078839 72.9063886533305 -0.803183851027061 0.330260654934575 -0.495806011713603 0.542600841207801 0.749128082521105 -0.379988740752466 0.248879085927769 0.339006987705994 -0.129120250453858 -0.339280424017353 0.131585788182082 -0.302200511623782
-28.8744994164559 46.4643644818146 73.4403848521971 0.908757641385712 0.312414672032897 -0.276688673280974 0.369671787310339 -0.910288396305265 0.186327145686082 -0.608659841975649 -0.109319714025791 -0.00219086175853603 0.527283637153114 0.380334174371552 0.520974694331943
-28.6519004253123 46.0943207163299 73.2880286683982 0.604220812713713 0.488323679214308 0.629648468435032 0.349420740124041 -0.872554543388044 0.341399641453553 0.054539499833686 0.369323924382895 -0.0486330624949369 0.223235360138988 -0.351466795204764 0.304066999517658
-28.1752441341124 45.8651611976131 73.2113886822945 -0.086056364828282 0.0419012700726868 0.995408753045252 0.603095450829811 -0.793070993452669 0.0855235437360594 -0.293658170330834 -0.216856484035664 -0.898429899006482 -0.146941200952027 0.144850992022719 -0.471602680561274
-27.7060868252355 45.6739635447665 73.3863897338661 -0.666318361916347 -0.400395335351086 0.629049613307547 0.633512506035768 -0.748926482692102 0.194347699288686 0.0458967414574611 -0.0071049662567753 -0.277193329596241 0.0463887514536366 0.0988272222517243 0.35038511913463
-27.446544277932 45.4031887158756 73.6904251090748 -0.732610873881665 -0.598540092065704 -0.324084966729184 0.572079395502229 -0.799459325552854 0.183275617657631 0.272317822174471 -0.19382945091087 -0.0504785879687442 0.0736046558076907 -0.112595941677681 0.0944550791897549
-27.3925883384172 45.0782640387033 74.0056671428869 -0.0740406552870183 -0.511078105482538 -0.856339390347307 0.544144309647707 -0.740307539266548 0.394780594232372 -0.205922660389682 0.0658508089930688 -0.500418061984342 0.379678374880737 0.920853656838786 0.0892714317048857
-27.2397841937934 44.620253133688 74.099904248034 0.305303372572857 0.0707843599516215 -0.949620674312557 0.672070650429938 -0.722500518479647 0.162216033817568 0.193136560566288 0.0647972656409279 0.0534081521144692 -0.219244841657443 0.166018644137812 0.153562743437266
-27.028640573482 44.1802142528008 73.9634917737122 0.555298763788656 0.602201992577703 -0.573581766682239 0.73769838369731 -0.675108919188235 0.0053890558477771 -0.509867669196782 0.421971096286824 -0.32041743642073 0.568955023044421 0.59589407383765 -0.13199291794166
-26.7490076531167 43.8262777503758 73.599534333385 0.682595345835959 0.701041072581961 0.206409806925751 0.690156126298585 -0.711264740834378 0.13336787385734 -0.124695861003392 0.0361429237114517 0.457705417544099 -0.11870645263791 0.124085342725335 0.305212984024057
-26.3100265289827 43.646126288601 73.4238315154996 0.3506049151736 0.481543310565896 0.803238590647227 0.755236655606677 -0.652555346267322 0.0615557802748403 -0.302658134392752 -0.232870903085379 0.329148079752895 0.189422804171102 0.418900388236803 -0.0172677968404377
-25.8851376713821 43.5630244092721 73.4075479832275 -0.140453006574293 -0.143361234016606 0.979653259844399 0.567914306084071 -0.822168270505846 -0.0388931345659792 0.162083252879608 0.0819696022005422 -0.158457610236736 0.258415377317709 0.313088200591999 -0.589642290513358
-25.4385460365748 43.3031035503104 73.5016282617188 -0.714462360101142 -0.558560428250124 0.421371313678191 0.538970572011902 -0.823387665257705 -0.177604828778552 0.866854574349071 -0.559124938547358 0.342883068385094 0.152710973144806 0.24974992721224 -0.488565314386959
