t = 20000000
b = 20 20 20
E = -0.705299100616572 -0.829869279046599 0.124570178430027
69.7295221175004 -18.7187391102766 137.172285534319 0.0482082944832911 0.363787335159274 0.930233699196648 0.152215619227116 -0.923114474793302 0.353114813750007 0.425446574816201 -0.0187829059536686 -0.648374866720963 0.00155598614472724 -0.128488997215481 0.407342495618485
70.0333895110975 -19.1324061444357 137.357666332089 -0.685430008249387 0.317209483103594 0.655411204986489 0.0088808530073286 -0.896409928238487 0.443136966419964 0.323293370306833 -0.247825041473866 0.05649878373938 -0.21268961288385 0.414200627847693 -0.452308302533164
70.9032438647522 -20.0589284642985 136.908318241147 0.950109626755046 -0.233471165684943 0.206840305406849 0.289113455740775 0.410287051838374 -0.864914992819217 -0.0438565235191251 -0.0416790744692239 0.210085872288487 0.386267374566519 0.188618963496476 -0.121175695674834
71.0794728126925 -19.6918107352596 136.429923099584 0.728578838934593 -0.357057696156223 0.584536292348888 0.60803767490658 -0.0557830929265515 -0.791945978232234 0.44046680294994 0.0654988903081876 0.272657092692015 0.227519247408379 -0.116002070690723 0.0660023429007135
71.5403628398166 -19.6143407515649 136.238766960651 0.0829691557734759 -0.959682877323831 0.268560782996058 0.530974828349793 -0.185480042573158 -0.826839092851274 -0.122386533515102 0.11970394271706 0.618336363332195 -0.0936053641932141 0.157731583216247 0.326972321084987
71.9488734154232 -19.6993174011249 135.986496517675 -0.679508800496519 -0.733532288873033 -0.01407733030077 0.273531526209563 -0.235488872075597 -0.932590743734029 -0.881262019066758 0.408780244472019 0.403620047863187 0.249009549182859 0.323457817730126 -0.08844193667754
72.1154514293896 -20.0502156338919 135.621866038748 -0.929031376776512 -0.369101920478747 -0.0257773789186135 0.13682555991683 -0.27798927793897 -0.950789528499638 0.273033945455823 0.270835425659912 0.123899773568828 0.268394684994743 0.482462937225154 -0.38856243986814
72.0551346353969 -20.4876723613047 135.294847709947 -0.88645233024237 0.394231890526659 -0.242453052566753 0.0885373368670488 -0.369738300008787 -0.92490795730509 -0.587377128378418 0.279836297641617 -0.235510915845512 0.0659320358897696 0.0807319829289675 -0.01732345995786
71.8984353489034 -20.7458782970436 134.846841437684 -0.527620599162696 0.818891682560947 -0.22590466035732 -0.0770377140516538 -0.310962946934294 -0.947294693454532 0.539102865336597 0.434724018301065 0.168835493250013 0.0811775470671425 -0.212807656338077 0.251215204165238
71.6715111836244 -20.8829919589571 134.429678160269 0.0822353804934957 0.976713262101697 -0.198162927480997 -0.234595053545034 -0.174278121667606 -0.956343190052191 0.0674961595634341 0.0168322117387226 -0.584787300223658 -0.0551252376938413 -0.346830349665908 0.1880701794277
71.4131500539159 -20.8869848231235 133.929268737151 0.587078883396419 0.808265747039209 -0.0452202038270011 0.0376589992947782 -0.0830674005964698 -0.995832117744167 -0.497842069423679 -0.0233357933508102 0.188838188705773 -0.245174622344108 0.267516180148032 -0.0400171286400176
71.2630291427297 -20.7762897812848 133.443317377536 0.926528962242062 0.332299681722511 0.176411461232448 0.226429435579995 -0.118058008457354 -0.966846429037502 -0.0177138058691409 -0.210973198371319 -0.197812674849778 -0.0406688411919185 0.681435200627513 0.0529563936473322
71.4894066772587 -20.5130614301272 133.027859176256 0.782419411477407 -0.547086386891504 0.297516974005002 0.215286249536917 -0.21067067231905 -0.953556342637678 0.10743353553425 0.370044700450283 0.0579036705606984 -0.506290051803159 -0.283766217392457 -0.12985140739187
71.7989547079791 -20.4868169708085 132.700860810997 -0.0857450057933105 -0.976053896130934 0.199916447122532 0.214711015837404 -0.21404323217439 -0.952934769246488 0.00328894876235477 0.637413319323824 0.150768183507264 0.0790689095957344 -0.27495561356812 0.702739976532287
72.2170954001126 -20.6792910341922 132.406818289504 -0.57439339151191 -0.817885263239393 0.0337035304286932 0.325879307969439 -0.266243944915394 -0.907147638718939 0.0447482737016027 0.398257952547727 0.124981897086052 0.113335987232856 -0.190766307968036 -0.525821654191978
72.4764390322153 -20.9960757656187 132.136721336612 -0.959186804628723 -0.14048052327595 -0.245409650189495 0.26637769668454 -0.157669476709984 -0.950885512994291 -0.345463583311025 -0.155115943919219 -0.0693927746869782 0.158288498146393 -0.0586550979442077 0.508044193809521
72.6462494129829 -21.3413632676818 131.742580952582 -0.49732830706453 0.858381030542346 -0.125883125938534 0.345769936646421 0.0630366396478463 -0.936199515580423 -0.0075314521385819 0.286515903116799 -0.410154865093468 -0.179807823265053 0.314973875963092 -0.425161088919023
73.0565468173034 -21.7018739087909 130.701711582415 -0.129236457649172 0.158210130345262 -0.978911381417721 -0.75141653244526 -0.659786308077504 -0.0074311802548512 -0.593417472445939 -0.0353330431596617 -0.475989850352909 -0.285074189541265 0.23232264374638 0.378438240326433
72.4609845006894 -21.8758338781148 130.772468994275 0.278564647640053 0.0963592716583246 -0.955571361986853 -0.609245515190856 -0.751412012926348 -0.253376970238222 0.140918450963115 0.118086391662494 -0.0927571646439674 0.392171364108275 0.157944061522815 0.346853646127372
72.7514396272645 -20.8819508001118 131.025648956257 0.463313527036747 0.825970646988236 0.321112232682246 -0.479518177529516 0.538382565275075 -0.692969357783105 -0.459883749939737 -0.018652524053607 -0.0584738317987196 0.0469559163993409 0.069142532909584 -0.116947693711936
