t = 60000
b = 100 100 100
E = -0.883632883144923 -0.883632883144923 0
-1143.94875837521 231.209759161212 300.348539383904 0.568557717899809 -0.259925162353137 -0.780500500571776 -0.619310134946845 0.489255354133691 -0.614071783428538 0 0 0 0 0 0
-1143.96782115336 231.552315966528 300.024308768698 -0.0603129955628788 -0.772823577862194 -0.631748415167297 -0.409231042604363 0.596410339063951 -0.690524917165178 0 0 0 0 0 0
-1143.9552660413 231.791893980339 299.605200363568 -0.589993645709347 -0.78308153679787 -0.196699783296601 -0.487616249808426 0.539752031070839 -0.686220181776311 0 0 0 0 0 0
-1144.0629523197 232.00338320241 299.141879634476 -0.728303074815485 -0.608138256837898 0.315820347326125 -0.623261786672889 0.396311814566275 -0.674152572425474 0 0 0 0 0 0
-1144.21510560973 231.916920077173 298.7013335875 -0.555141827724351 0.252745886599593 0.792424802689615 -0.597740315020028 0.541261586726377 -0.591390235406045 0 0 0 0 0 0
-1144.64509234873 231.864516784899 298.542849042993 0.185542235368751 0.882358003115149 0.43245627898358 -0.628080214100863 0.444953032223779 -0.638382364863965 0 0 0 0 0 0
-1145.403029174 231.592138737091 298.978521858186 -0.967349827503577 -0.181441679900353 -0.176955440785326 -0.159889581607269 -0.104837119475894 0.981552087294896 0 0 0 0 0 0
-1145.6582958716 231.799925128135 299.396257676161 -0.414871035358536 -0.841211731200764 -0.346763388077354 -0.449208846557522 -0.142059932536039 0.882060308449366 0 0 0 0 0 0
-1146.02878720103 231.73702673501 299.810183728832 0.156796337185073 -0.957067185217964 -0.243797685848498 -0.50490139230992 -0.289832913253817 0.813063015047304 0 0 0 0 0 0
-1146.39355684374 231.558796602846 299.985688532901 0.810269487800354 -0.355992284736891 0.465545755373916 -0.493296244108378 0.0146078183212925 0.869738712023257 0 0 0 0 0 0
-1146.63020713424 231.3153394085 300.386416312728 0.828162970968784 0.328218754142645 0.454333074897676 -0.518866340151213 0.142419570915019 0.842908290905893 0 0 0 0 0 0
-1146.64141011212 231.240875754951 300.882438045023 0.369501964576667 0.929065771447884 0.0174668399478219 -0.545059681375859 0.201477243359738 0.813828522568492 0 0 0 0 0 0
-1146.70825300215 231.422583943496 301.379153044447 -0.232184592933224 0.805607833084199 -0.545056266891541 -0.534328933306026 0.362603036890649 0.763551981641848 0 0 0 0 0 0
-1147.10074958995 230.937703556511 301.972492831439 0.657296362517392 0.429406762947502 0.619331352150404 0.416305139169713 0.47815019084889 -0.773344959310799 0 0 0 0 0 0
-1148.39177332864 230.699985973416 301.489861007672 -0.90533349057179 0.417792749188394 -0.076292133114602 -0.0968600788755604 -0.0282144223458577 0.994898020649049 0 0 0 0 0 0
-1148.49679401504 230.929753770582 301.95936120703 -0.912385463929713 -0.356676293934095 -0.200835222398073 -0.161835521828623 -0.136343812373866 0.977353379643869 0 0 0 0 0 0
-1148.60599991936 230.982548148572 302.468774605993 -0.760626666495518 -0.362418290746482 -0.538609373060582 -0.534711358637662 -0.120739247350612 0.836364631660468 0 0 0 0 0 0
-1148.71369706704 231.537760285733 303.205576058468 0.493913334446102 0.834613799230973 0.243863535997168 -0.18349206206536 -0.174097661185866 0.96748161095086 0 0 0 0 0 0
-1148.36415011644 231.529008284529 303.603560347937 -0.402119097768198 0.874038630311638 0.272684256847533 -0.0664604995195623 -0.324903121409563 0.943409223879786 0 0 0 0 0 0
-1148.19089610833 231.599637989723 303.982000678859 -0.988045430137609 0.108428484808458 0.109587826264072 0.0618335646958842 -0.372441335451754 0.925993553931875 0 0 0 0 0 0
-1148.29236026082 231.676379957325 304.503557129371 -0.826163942334968 -0.514360498725559 -0.229970471444858 -0.000604789660153898 -0.407351897975602 0.913271079934419 0 0 0 0 0 0
-1148.48325604344 231.735303255298 304.90569761049 0.131286043592107 -0.959405920010244 -0.249608203804288 0.286289321381618 -0.204367115267891 0.936094282996853 0 0 0 0 0 0
-1148.48682717295 231.471505324652 305.384494180348 0.538748526746978 -0.715704588600837 -0.444428809577992 0.423341972848582 -0.226103623261617 0.877301958035007 0 0 0 0 0 0
-1149.38376084271 232.478145646444 305.518828000167 0.128664083828209 0.890828954240822 -0.435739977300944 0.0605799244834022 0.431511082506173 0.900071251859202 0 0 0 0 0 0
-1149.16102376929 232.797344088598 305.838366481681 -0.706313112174295 0.677836571088156 -0.204106272479997 0.220629856665988 0.484752056812783 0.846367479149997 0 0 0 0 0 0
-1149.01524983126 233.23297637953 306.032329161456 -0.969551059117562 0.118544236957953 0.214284874986973 0.235844850331243 0.687609997995792 0.686709325135433 0 0 0 0 0 0
-1148.99740999961 233.626911583267 306.345578927006 -0.918798426848896 -0.32526539089794 0.22363335239514 -0.0349219065581898 0.631312915008361 0.774741546443421 0 0 0 0 0 0
-1149.24218884687 233.951457240795 306.476059874402 -0.0109191315961483 -0.476136111145395 0.87930380201044 -0.140105906785378 0.871410172745583 0.470121947710122 0 0 0 0 0 0
-1149.60342512707 234.160609049953 306.678283949437 0.922351872914568 -0.0479603874765583 0.383362522637888 -0.118952575021321 0.908811199424629 0.399890595907856 0 0 0 0 0 0
-1149.49539117799 234.706029462191 306.915280387531 0.973183095660204 -0.145284176918862 0.178345648272053 0.125152232642662 0.984924354272679 0.119419156857638 0 0 0 0 0 0
-1149.28386333319 235.025379074424 307.294524936203 0.792087233079383 -0.0120775583700619 -0.610288413600964 0.2734726746196 0.900871819783019 0.337109270944458 0 0 0 0 0 0
-1148.98508059293 235.275792650389 307.481147772836 0.00936114177076725 0.247731294695836 -0.968783554078625 0.11490494363215 0.96214191968582 0.247143238450312 0 0 0 0 0 0
-1148.75994850319 235.740117952274 307.541655838472 -0.55174087857365 0.0356918643594702 -0.833251518888312 -0.0593663702174385 0.994868854294925 0.0819243360702672 0 0 0 0 0 0
-1148.5269683388 236.153268452546 307.352680596407 -0.992319318756156 -0.0591401964579793 -0.108649927682208 -0.0855263194758425 0.962570911433015 0.257181821168199 0 0 0 0 0 0
-1148.70670142783 236.681969027742 307.399783269879 -0.767482793011825 -0.265187328038713 0.583648732954607 -0.621331129284544 0.531884337509808 -0.575366560805552 0 0 0 0 0 0
-1149.05750815183 236.687289448111 307.002602294873 -0.457248076909063 0.391744413076586 0.79841124177052 -0.577939165936214 0.551461612970433 -0.601561642640538 0 0 0 0 0 0
-1149.47013812485 236.9237601425 306.623460800963 0.0678343021076862 0.65221663673158 0.754991368312945 -0.627215541516904 0.616373195945061 -0.476114217178561 0 0 0 0 0 0
-1149.8723285966 237.057395117377 306.718883306967 0.451123157438154 0.890578205347772 -0.0579513328814063 -0.814749396444854 0.384470185288819 -0.434011633042457 0 0 0 0 0 0
-1150.4990936889 237.546662949312 306.875468616475 -0.530943149422022 0.605027028905893 -0.59333099225962 0.056733597364664 0.723980336566505 0.687483651583479 0 0 0 0 0 0
-1150.27350049227 238.059809383683 306.840641061043 -0.950436273838461 0.293448568143321 -0.102756154199752 0.200479093118647 0.831013127880223 0.518869265338044 0 0 0 0 0 0
-1150.33690652889 238.517136885213 306.681905748132 -0.73002083944231 -0.0010580539126212 0.683424066376297 0.42360729671969 0.78403459030692 0.453703228297393 0 0 0 0 0 0
-1150.37879076543 239.014057333271 306.809527581581 -0.176888689628975 -0.516203182094513 0.838000397540044 0.296476342971058 0.783934324453639 0.545480295704025 0 0 0 0 0 0
-1150.69277282169 239.334878962751 307.083409838746 0.773666353013124 -0.345453397148024 0.531133057352802 0.0532419323791679 0.87076890379064 0.48880140428113 0 0 0 0 0 0
-1150.9722429522 239.551761199474 307.408074564006 0.573147544084572 0.801058712428041 -0.172646552104089 0.689132802832193 -0.357180839132401 0.630490149182961 0 0 0 0 0 0
-1152.02753720019 239.645346116095 307.145656317208 -0.61903544857712 0.219446269103583 -0.754081194820401 0.268140216552794 0.961528586584519 0.05969590812802 0 0 0 0 0 0
-1151.88070084161 240.085127610942 307.060746962136 -0.986460775310519 0.0660863614300159 0.15009241022202 0.122587639621935 0.905085410278164 0.407176461393594 0 0 0 0 0 0
-1151.99333991124 240.600183820957 306.969454003322 -0.502842937083856 -0.276505257448781 0.818958987513545 0.1794622584983 0.893412856208137 0.411833420372972 0 0 0 0 0 0
-1151.84632521762 241.246278475219 305.93443646528 0.342432680466574 -0.194355812385401 -0.919220146396674 0.566885404112586 0.822957370785826 0.0371766657029881 0 0 0 0 0 0
-1151.35523705641 241.331186278808 305.985137073188 -0.262940070601225 0.369970871788507 -0.891057839480465 0.718780917942136 0.691192158232532 0.0748825239931227 0 0 0 0 0 0
-1150.92268741845 241.59507043563 305.898503520322 -0.820075006921649 0.479092508023696 -0.312965416264081 0.508526393973465 0.860922673865156 -0.0145964467117266 0 0 0 0 0 0
-1150.73085418973 241.94626354433 305.666310401884 -0.736401804500785 0.37682863035079 0.561883053379985 0.504530305776336 0.859198611887874 0.0850112691505495 0 0 0 0 0 0
-1150.66168800325 242.444151443939 305.639870352445 -0.303624677178835 -0.231613478929921 0.924211692084482 0.557577682525918 0.743369880893421 0.369470361637975 0 0 0 0 0 0
-1150.65350617879 242.907292813389 305.869401751448 0.220911249940767 -0.677784086211711 0.701289492383325 0.384116805122039 0.721402231866625 0.576223133759902 0 0 0 0 0 0
-1150.67052808335 243.139352889062 306.309546964921 0.762386671378598 -0.582804918879681 0.281256092971795 0.266998222486134 0.679200041533136 0.683666038918148 0 0 0 0 0 0
-1150.61552325887 243.285413391317 306.695872592887 0.806553477908443 -0.114746150388418 -0.57991793233532 0.482952760785366 0.693629672610483 0.534447853511878 0 0 0 0 0 0
-1150.19005269393 243.382044256529 307.056826737703 0.226765418967453 0.337229830018913 -0.913703171990637 0.55537701674911 0.725895526234218 0.405748757557436 0 0 0 0 0 0
-1149.7462883516 243.652442352478 307.131298035166 -0.491699488124169 0.524060783366449 -0.695407728398908 0.434977724014798 0.83966137323473 0.325212481168661 0 0 0 0 0 0
-1149.38017539741 243.918047713399 306.920296766301 -0.773921789540035 0.617104744515024 0.142220947729414 0.628335911639267 0.776274737617944 0.0509069138726005 0 0 0 0 0 0
-1149.25288807996 244.3930950536 306.697686478421 -0.302016071896447 0.0788269043727202 0.950038215790803 0.632143024084203 0.762520036975684 0.137689470591258 0 0 0 0 0 0
-1149.33965441283 244.838289450754 306.857973293707 0.382319119652606 -0.384985593566989 0.840010823438069 0.482771828264507 0.858354008153027 0.173665651529568 0 0 0 0 0 0
-1149.26234354836 245.301753679687 307.060873257616 0.654175143216425 -0.629464683505305 0.419319799459186 0.496259373361868 0.775600527452184 0.390090317959509 0 0 0 0 0 0
-1149.11950799853 245.584814529188 307.522502620877 0.775727133195636 -0.482448365682914 -0.406805837315678 0.620930974951855 0.698592992860841 0.355545432639022 0 0 0 0 0 0
-1148.39021855266 246.024207195509 307.456222469462 0.725649533059975 0.330886448820363 -0.603280128262938 0.649339922898993 -0.0393296014970713 0.759480642923196 0 0 0 0 0 0
-1147.94843594105 245.95955666525 307.682869135915 0.37978029414096 0.771461866909716 -0.510503198898816 0.772622641100509 0.038968758454048 0.633668438793346 0 0 0 0 0 0
-1147.3869270965 245.883968615898 307.679466940026 -0.0809058657512718 0.99555766373842 0.0481578556367761 0.610316622356701 0.0112835804016791 0.792077206645793 0 0 0 0 0 0
-1147.13179333083 244.964155276013 308.464344373167 -0.295262552909142 -0.484353026190337 0.823542452378697 0.489553436984276 0.663518955860659 0.5657561555563 0 0 0 0 0 0
-1147.00454434158 245.342176617363 308.750932109191 0.466230562860818 -0.838681885630711 0.281499124276532 0.702191850735848 0.544378180396222 0.458888877036689 0 0 0 0 0 0
-1146.76965998519 245.432684378213 309.257889071916 0.661009959869214 -0.705042410663708 -0.256867732731817 0.671233687758711 0.402548757746327 0.62241451947572 0 0 0 0 0 0
-1146.58186048539 245.337528844345 309.700542282428 0.631850074067959 0.152317926008783 -0.759976797880206 0.628100531870776 0.473889157726742 0.617186185888832 0 0 0 0 0 0
-1147.33591019575 244.7351070699 310.787540391913 -0.129870580262715 -0.687240664886011 0.714726451804594 0.937773583057309 -0.319258813164051 -0.136581540247212 0 0 0 0 0 0
-1146.89667882468 244.774270006272 310.952845853419 -0.201223654323089 -0.974271468762375 -0.10150933994607 0.978841517717022 -0.196068819911891 -0.0585346141282843 0 0 0 0 0 0
-1146.4707976278 244.579038028094 311.187955481552 -0.333211111553468 -0.529457849371387 -0.780156869401997 0.93201029422267 -0.310084588214069 -0.187628248444912 0 0 0 0 0 0
-1146.17888704295 244.205944409068 311.19440107446 -0.135037938283116 0.201179245074541 -0.970201868981543 0.937237789526148 -0.291760075331575 -0.190948643163495 0 0 0 0 0 0
-1145.73701897571 243.955213598246 310.922448627289 -0.136338823049043 0.663424872866252 -0.735716768459483 0.830995181992896 -0.327709334474431 -0.449503725904734 0 0 0 0 0 0
-1144.71760025373 243.698248964058 311.655298392107 0.951343093655035 0.189673585032012 -0.242837907451702 0.176565707601264 0.310314959033019 0.934092702625936 0 0 0 0 0 0
-1145.34564018413 243.32392727081 312.656079104883 -0.451143742848734 -0.626898879525445 0.635190615593142 -0.836461275258934 0.545151034517841 -0.0560614355483491 0 0 0 0 0 0
-1145.79718317558 243.288541892995 312.552389936676 -0.107776373567417 0.0718998791392901 0.991571813173143 -0.789145390289929 0.600439667560904 -0.129312638991396 0 0 0 0 0 0
-1146.40215567046 243.416666124358 312.696552845987 0.367070496225289 0.632027794483599 0.682495507531558 -0.748624080111807 0.636213764352178 -0.186531586400034 0 0 0 0 0 0
-1146.81071765818 243.509856093655 312.948461508457 0.552840057779405 0.830839943335463 -0.0638189554403878 -0.828399694466307 0.539700143109978 -0.149925654024233 0 0 0 0 0 0
-1147.07168746763 243.901317001667 313.233017311842 0.484237937632808 0.595044838370614 -0.641432194457284 -0.732846437123936 0.676338544497643 0.0741773066445925 0 0 0 0 0 0
-1147.23781158769 244.389881310501 313.422366330216 -0.0385999984347141 0.0407947449254396 -0.9984216688895 -0.823627126533366 0.564467616443336 0.0549059780397542 0 0 0 0 0 0
-1147.40526980108 244.836330101532 313.195079556456 -0.619121232960949 -0.609387769499589 -0.495313481829601 -0.753201742974853 0.639275111216856 0.154966017428808 0 0 0 0 0 0
-1147.63753709831 245.157169504316 312.992651513279 -0.58272561946548 -0.698942296533488 0.414620933546467 -0.692673389182093 0.693999280996317 0.19638883342735 0 0 0 0 0 0
-1148.12683533394 245.285069202787 312.945141895927 0.183384440157144 -0.308781965523203 0.933286582393902 -0.686045682664485 0.639764320738449 0.346472127604622 0 0 0 0 0 0
-1148.60940317645 245.245215172576 313.170187715967 0.630420102405358 0.395592164810995 0.667890210755749 -0.74922099008251 0.535170139889819 0.390206137047548 0 0 0 0 0 0
-1148.92287273443 245.355541340626 313.549383086113 0.677308396233303 0.734858948884562 0.0351519791116546 -0.708974297125974 0.639197877466637 0.297962278579469 0 0 0 0 0 0
-1149.07675715507 245.650489964388 313.93014026826 0.313232641968566 0.664134561008688 -0.678830315232733 -0.625818870635088 0.681996056981876 0.378460195288161 0 0 0 0 0 0
-1148.94357720795 245.546793147652 314.990507357495 0.93006206688355 0.16274283042465 0.329392354024792 -0.28812120821681 0.879375880503439 0.37905702758803 0 0 0 0 0 0
-1148.99201838955 245.70621270383 315.481158817979 0.76921495285373 0.577200026720255 -0.274132240824218 -0.373415513284436 0.754179471527347 0.540161252927926 0 0 0 0 0 0
-1149.33159067951 245.454397824067 316.55701476023 -0.735590320052792 0.200190809218167 0.647171168200075 0.14340822129791 -0.887667312979114 0.437585218593998 0 0 0 0 0 0
-1149.08453959967 245.292148739239 316.928766747631 -0.935362393048976 -0.302457862341768 -0.183347852939541 0.2324269940887 -0.916373030579311 0.325941959933282 0 0 0 0 0 0
-1149.26395282367 245.059704211359 317.273802250313 -0.140782791796308 -0.497957279252178 -0.855697816740039 0.321655129224805 -0.840423786918896 0.436148869336736 0 0 0 0 0 0
-1149.12203945536 245.457715781905 318.172495692808 -0.53251689389088 0.779256975936108 -0.330430511871975 -0.820217872990761 -0.378704626544711 0.428748698726403 0 0 0 0 0 0
-1149.58209088109 245.541753939079 318.453205525813 -0.240055095663294 0.300049843377348 -0.923224589434234 -0.880150902588603 -0.468472776128774 0.0766005659125923 0 0 0 0 0 0
-1150.08872230112 245.606482595809 318.350818210666 0.211105885340383 -0.513497772955953 -0.831717705921803 -0.924171807248394 -0.38197498799902 0.00125667408442912 0 0 0 0 0 0
-1150.52197220805 245.521996484662 318.05467046361 0.489137130790004 -0.872099803725881 -0.0136674658406755 -0.871819495455355 -0.489326832421233 0.0221363595921848 0 0 0 0 0 0
-1150.98835585349 245.444997735352 317.153128429982 -0.741986248651804 0.0276368326997923 -0.669845215173233 0.569712978232674 -0.500678297057219 -0.651727216930916 0 0 0 0 0 0
-1150.83841617491 245.035019586848 316.838521458809 -0.523024351882408 0.641339888810262 -0.561363228541415 0.561424541746117 -0.236318180253709 -0.793067589557275 0 0 0 0 0 0
-1150.76417782963 244.922145702897 316.318354667861 -0.189111308138145 0.978150164560185 -0.086366479056411 0.466424061365745 0.0120807108797507 -0.884478745591516 0 0 0 0 0 0
-1150.82998197715 244.979226568185 315.76841365925 0.621924967068836 0.673319051489357 0.399813444293774 0.551693416829681 -0.0144039347222502 -0.833922598620897 0 0 0 0 0 0
