t = 20000000
b = 20 20 20
E = -0.851103054562198 -1.00099948074442 0.149896426182225
121.917059755857 37.4053711353062 -85.1068246461399 -0.266425483522938 0.488483167983316 0.830904119815856 -0.339204597805107 -0.854433861157987 0.393551798033476 -0.205076785612465 -0.109933487335657 0.111126738875415 -0.73445596815103 -0.143252690841131 -0.535630028236367
121.878860710521 36.995252238289 -84.7751170196662 -0.822249124234207 0.5272175176645 0.214355001724623 -0.461735975314 -0.838161439334603 0.29031929097861 0.416598048870407 0.550797767993954 -0.0271249795397522 0.277181431392493 0.278595237307112 -0.48638456675678
121.684724936847 36.7045311223644 -84.4002932668278 -0.797589870935059 0.338695571813188 -0.499134959119783 -0.522773189927752 -0.80095140362702 0.291864764780489 0.0839978469399147 0.448389097013085 0.218784562724494 -0.261484107908248 -0.0625807934324895 0.438821574951378
121.342833716195 36.5007656423659 -84.1354587018094 -0.168989322926771 -0.253259830966014 -0.952524050486861 -0.148891565146463 -0.948772930385343 0.278677642441047 0.00632158979956684 0.038712643434302 0.275694427237449 -0.0306636536457836 -0.00858803886199254 -0.289162103920346
120.954171192818 36.1398047148306 -84.134148540131 0.76067711567012 -0.33868049449498 -0.553774185336354 0.01070461982379 -0.846440726218851 0.532375345140333 0.145325757074512 -0.13737025551636 -0.355283564908057 -0.0811838634145938 0.0949850607723698 -0.29517891540824
120.812847880206 35.6638849750166 -84.1281048760979 0.995964297779061 -0.00282492121165031 0.0897058379890546 -0.0594501442594393 -0.769548643547628 0.635814883091538 -0.328340092533034 0.0136031501535174 -0.519179213812231 0.218705223351442 -0.284360403668276 0.237545212057186
120.878706620225 35.2050123557805 -84.0139213445295 0.642213852747087 0.544855188058015 0.539160635974701 0.0430581530550348 -0.727914542241975 0.684314558260014 -0.173124449824376 0.516363081172638 -0.115486941336005 0.219104859086355 0.126918744564268 0.0345799990252136
121.023422898206 34.7687136625811 -83.7099617549131 0.152584130763504 0.865919205816481 0.476342326521905 -0.0985729023532246 -0.466248254860087 0.879145009517889 0.409982315307817 -0.03208971336627 0.248136937814186 -0.243356671168512 0.146093200776398 -0.199767270139872
121.116348087278 34.6044056694282 -83.245775872 -0.522988774547378 0.851879637484476 0.0279968736930429 -0.266592548346626 -0.194689830517909 0.943940826036725 0.110915680955114 0.397104407890484 -0.641915150475308 -0.171473665206463 0.000140386297020727 -0.321591651384539
121.259010935789 34.8044692731018 -82.8391424082915 -0.962240856330124 -0.272077032891014 -0.00816226575302507 0.0571003528726611 -0.231081443014396 0.971257389365069 -0.0913736749461656 0.192480019261121 -0.299841039186455 0.0579903739064516 -0.0946422900601787 -0.180960094556762
121.183202288238 34.9754704330624 -82.4129089602732 -0.289807320272967 -0.95133848083365 -0.104722547718853 0.106241234565678 -0.140718918464599 0.984332761856287 -0.278041187162808 0.237010064155534 -0.109538529937227 -0.408492201291138 0.13631159396923 -0.621407582818993
120.89496153656 34.9393742213652 -82.0495972403377 0.414077454402498 -0.904957936272167 -0.0979336271870988 0.134442974133906 -0.0456064070230517 0.989871275644327 -0.219887631163607 0.138040389101188 0.828163798225168 0.0784107356035301 0.141613593983387 -0.177605882981868
120.700764087866 34.657148369048 -81.7014749435038 0.978257208377014 -0.195098757565693 0.0703513258909996 -0.034082444809027 0.183371019465775 0.982452775545233 -0.130302334187404 -0.0300663517761546 -0.0340951703687988 -0.516306402507714 0.115180448196333 0.0772423422438058
120.79862133747 34.3910208398906 -81.2543463249736 0.616004704689407 0.78395408676134 -0.0771634217117817 -0.156653776732124 0.217910837826417 0.963314310593046 0.364700530790638 0.172709816652485 0.295635182161861 0.253504295787316 -0.892015266074696 0.448593192533457
120.955256966444 34.4399732046908 -80.8440449950018 -0.236361190555764 0.959155794102724 -0.155414124965054 -0.0462259112057238 0.14866519453909 0.987806572698291 -0.0261531869246578 0.428487442887754 0.346210995761756 0.325849759972404 -0.536284911786447 -0.155285114313654
121.193010112161 34.6532409733031 -80.4936825020051 -0.945450486681158 0.281471862144515 0.16400295136202 0.256827008893032 0.334316097930757 0.906792497855688 -0.119283104829355 0.062476319988085 -0.563174548594395 0.0436941725185802 -0.0189714864279335 -0.0219420816428361
121.34264893876 34.9607492713618 -80.0062561673783 -0.985761048288149 -0.163797275799538 -0.0380211535586439 -0.0994296253420633 0.385444980905004 0.91735811780316 -0.0654443795758143 -0.393424736387878 -0.641349235200518 0.197768727944283 -0.0778749113672884 -0.502580944124902
121.118835129077 35.3598014663754 -79.7159489272462 -0.583856902447884 -0.786415489153145 0.201647702400025 -0.164793980054859 0.358007555660697 0.919061224417213 -0.248902701938876 0.146541651411866 0.174690225660071 -0.698957728521801 -0.0796133661001497 -0.278895387129833
120.798400399241 35.4821852040741 -79.3405767525689 0.334483842686742 -0.829559954934986 0.447158629737072 -0.32052579742966 0.346059642520231 0.881762970984573 -0.201507913907849 -0.200893889803227 0.265800853447814 -0.102450880652012 -0.504980839129237 0.421164302601306
119.991359241946 35.6239505864095 -80.4489614069294 -0.698134983591069 0.196350149455909 -0.68851591375509 0.593683057729494 -0.378754202232871 -0.709989916305045 0.482797931625541 -0.401828535973518 -0.437364035155227 -0.00110299377718793 0.127915930746412 -0.174127190395037
