t = 0
b =  100.0 100.0 100.0
E = 0. 0. 0.
3.61408734906 6.03486592694 91.8637835935 -0.723774675886 0.5195592921 0.454101707263 0.608056004931 0.169105507134 0.775674688464 0.0 0.0 0.0 0.0 0.0 0.0
3.88336385622 6.45465745825 92.0636593926 -0.777572780226 -0.0702415179455 0.624857344206 0.608056004931 0.169105507134 0.775674688464 0.0 0.0 0.0 0.0 0.0 0.0
3.97539262367 6.85843743333 92.4059714429 -0.535957985035 -0.633356400948 0.558219229027 0.608056004931 0.169105507134 0.775674688464 0.0 0.0 0.0 0.0 0.0 0.0
3.94524975156 7.11784379688 92.8755295841 -0.0907237905898 -0.955848598076 0.279504295813 0.608056004931 0.169105507134 0.775674688464 0.0 0.0 0.0 0.0 0.0 0.0
3.89442638854 7.15936444243 93.4088007382 0.388977888722 -0.915197931858 -0.105398992443 0.608056004931 0.169105507134 0.775674688464 0.0 0.0 0.0 0.0 0.0 0.0
3.93227054748 6.99226569062 93.9180461888 0.720900364744 -0.526848270034 -0.450259441293 0.608056004931 0.169105507134 0.775674688464 0.0 0.0 0.0 0.0 0.0 0.0
4.13444396726 6.70507185907 94.3246549855 0.778940739389 0.0616598580088 -0.624058800459 0.608056004931 0.169105507134 0.775674688464 0.0 0.0 0.0 0.0 0.0 0.0
4.51417695308 6.4319333941 94.589009559 0.541048503945 0.626742375097 -0.560767787624 0.608056004931 0.169105507134 0.775674688464 0.0 0.0 0.0 0.0 0.0 0.0
5.01724196241 6.30166087325 94.7255370977 0.0976028960042 0.953714985312 -0.284431716733 0.608056004931 0.169105507134 0.775674688464 0.0 0.0 0.0 0.0 0.0 0.0
5.54255555495 6.38878771331 94.7972284176 -0.382923683962 0.918355327342 0.0999647187891 0.608056004931 0.169105507134 0.775674688464 0.0 0.0 0.0 0.0 0.0 0.0
5.98058168168 6.68525367913 94.8917066983 -0.717971154249 0.534097126434 0.446382886323 0.608056004931 0.169105507134 0.775674688464 0.0 0.0 0.0 0.0 0.0 0.0
6.25494626122 7.10346710173 95.087937972 -0.780249379199 -0.0530735024351 0.623212732218 0.608056004931 0.169105507134 0.775674688464 0.0 0.0 0.0 0.0 0.0 0.0
6.35145297021 7.50958241778 95.4262306076 -0.546097819917 -0.620080620387 0.563273641583 0.608056004931 0.169105507134 0.775674688464 0.0 0.0 0.0 0.0 0.0 0.0
6.32347666397 7.7743503369 95.8929214876 -0.10447456858 -0.951508743459 0.289337477077 0.608056004931 0.169105507134 0.775674688464 0.0 0.0 0.0 0.0 0.0 0.0
6.27168537653 7.82222180801 96.4255668545 0.376840318082 -0.921442786513 -0.0945228324348 0.608056004931 0.169105507134 0.775674688464 0.0 0.0 0.0 0.0 0.0 0.0
6.30579485146 7.66005036694 96.9366657388 0.714987267471 -0.541305309269 -0.442472337567 0.608056004931 0.169105507134 0.775674688464 0.0 0.0 0.0 0.0 0.0 0.0
6.5028856965 7.3744883636 97.3469030399 0.781498599998 0.0444831051087 -0.622319203915 0.608056004931 0.169105507134 0.775674688464 0.0 0.0 0.0 0.0 0.0 0.0
6.87811917201 7.09906628546 97.6152826588 0.551105548426 0.613371644137 -0.565736600073 0.608056004931 0.169105507134 0.775674688464 0.0 0.0 0.0 0.0 0.0 0.0
7.37897717462 6.9634622929 97.7547026019 0.111338285014 0.949230040531 -0.294221203252 0.608056004931 0.169105507134 0.775674688464 0.0 0.0 0.0 0.0 0.0 0.0
7.9052147428 7.04423531795 97.8270548125 -0.370728254352 0.924460074247 0.0890737478008 0.608056004931 0.169105507134 0.775674688464 0.0 0.0 0.0 0.0 0.0 0.0
8.34694479373 7.33573904601 97.9197113867 -0.711948931644 0.548472269609 0.43852809283 0.608056004931 0.169105507134 0.775674688464 0.0 0.0 0.0 0.0 0.0 0.0
8.6263860633 7.75226704519 98.1123304535 -0.782688306652 -0.0358893202217 0.621378283595 0.608056004931 0.169105507134 0.775674688464 0.0 0.0 0.0 0.0 0.0 0.0
8.72741350874 8.16061407269 98.4465927196 -0.556071308113 -0.606615957262 0.568156475531 0.608056004931 0.169105507134 0.775674688464 0.0 0.0 0.0 0.0 0.0 0.0
8.70168448199 8.43068297365 98.9103662721 -0.118193522605 -0.946879050061 0.299082523343 0.608056004931 0.169105507134 0.775674688464 0.0 0.0 0.0 0.0 0.0 0.0
8.64901323805 8.48491076535 99.4423156952 0.364587958231 -0.927406960768 -0.0836178798561 0.608056004931 0.169105507134 0.775674688464 0.0 0.0 0.0 0.0 0.0 0.0
8.67944983066 8.32773611117 99.9552044201 0.708856378149 -0.555597461662 -0.434550452482 0.608056004931 0.169105507134 0.775674688464 0.0 0.0 0.0 0.0 0.0 0.0
8.87147025697 8.04391299812 100.369037356 0.783818408562 0.027292802224 -0.620390042913 0.608056004931 0.169105507134 0.775674688464 0.0 0.0 0.0 0.0 0.0 0.0
9.24216211418 7.76631128019 100.641452361 0.560994720818 0.599814074234 -0.570533083674 0.608056004931 0.169105507134 0.775674688464 0.0 0.0 0.0 0.0 0.0 0.0
9.74073273565 7.62543719936 100.783814333 0.125039759303 0.944455951085 -0.303921067142 0.608056004931 0.169105507134 0.775674688464 0.0 0.0 0.0 0.0 0.0 0.0
10.2678061742 7.69985188229 100.856897487 -0.358419897325 0.930283221658 0.0781556440861 0.608056004931 0.169105507134 0.775674688464 0.0 0.0 0.0 0.0 0.0 0.0
10.7131777859 7.98632465488 100.947796223 -0.705709842497 0.562680342817 0.430539719433 0.608056004931 0.169105507134 0.775674688464 0.0 0.0 0.0 0.0 0.0 0.0
10.9976828167 8.40106042931 101.136836502 -0.784888819666 -0.0186942057737 0.619354557127 0.608056004931 0.169105507134 0.775674688464 0.0 0.0 0.0 0.0 0.0 0.0
11.1032724164 8.81153485895 101.467058671 -0.565875411602 -0.592966513041 0.572866243513 0.608056004931 0.169105507134 0.775674688464 0.0 0.0 0.0 0.0 0.0 0.0
11.0798706983 9.08684255328 101.927865719 -0.131876473738 -0.941960928132 0.308736466175 0.608056004931 0.169105507134 0.775674688464 0.0 0.0 0.0 0.0 0.0 0.0
11.0264077338 9.14743022441 102.459049253 0.352224541356 -0.93308863788 -0.0726874564612 0.608056004931 0.169105507134 0.775674688464 0.0 0.0 0.0 0.0 0.0 0.0
11.0532343646 8.99532031117 102.97366368 0.702509564308 -0.569720373686 -0.426496199118 0.608056004931 0.169105507134 0.775674688464 0.0 0.0 0.0 0.0 0.0 0.0
11.2401980727 8.71334262083 103.391058285 0.785899458446 0.0100941856872 -0.618271905094 0.608056004931 0.169105507134 0.775674688464 0.0 0.0 0.0 0.0 0.0 0.0
11.606307587 8.43366590043 103.66751779 0.570713008783 0.586073795152 -0.57515577737 0.608056004931 0.169105507134 0.775674688464 0.0 0.0 0.0 0.0 0.0 0.0
12.1025111497 8.28758472007 103.812870517 0.13870314527 0.939394171208 -0.313528353731 0.608056004931 0.169105507134 0.775674688464 0.0 0.0 0.0 0.0 0.0 0.0
12.6303320987 8.3556384706 103.886754446 -0.346002362124 0.935822995788 0.067213733405 0.608056004931 0.169105507134 0.775674688464 0.0 0.0 0.0 0.0 0.0 0.0
13.0792817983 8.63701310247 103.975959747 -0.699255787296 0.576717018143 0.422420199467 0.608056004931 0.169105507134 0.775674688464 0.0 0.0 0.0 0.0 0.0 0.0
13.3688361193 9.04985039677 104.161455747 -0.786850247941 -0.00149339688948 0.617142169262 0.608056004931 0.169105507134 0.775674688464 0.0 0.0 0.0 0.0 0.0 0.0
13.4790279015 9.4623472712 104.487629323 -0.575507143958 -0.579136445475 0.577401510887 0.608056004931 0.169105507134 0.775674688464 0.0 0.0 0.0 0.0 0.0 0.0
13.4580328121 9.74282997466 104.945421592 -0.14551925402 -0.93675587578 0.318296364889 0.608056004931 0.169105507134 0.775674688464 0.0 0.0 0.0 0.0 0.0 0.0
13.4038666041 9.80977914676 105.475769527 0.339753833473 -0.938486087153 -0.0617348917628 0.608056004931 0.169105507134 0.775674688464 0.0 0.0 0.0 0.0 0.0 0.0
13.4271472932 9.66280038577 105.992044992 0.695948759248 -0.583669743366 -0.418312030881 0.608056004931 0.169105507134 0.775674688464 0.0 0.0 0.0 0.0 0.0 0.0
13.6090695239 9.38277408841 106.412966216 0.787741115743 -0.00710750563623 -0.615965435664 0.608056004931 0.169105507134 0.775674688464 0.0 0.0 0.0 0.0 0.0 0.0
13.9705573667 9.10112763492 106.693478099 0.580257452037 0.572154992316 -0.579603273045 0.608056004931 0.169105507134 0.775674688464 0.0 0.0 0.0 0.0 0.0 0.0
14.4643149139 8.94990392992 106.841869399 0.152324280915 0.934046242765 -0.323040136546 0.608056004931 0.169105507134 0.775674688464 0.0 0.0 0.0 0.0 0.0 0.0
14.9927947858 9.01159609536 106.916623689 -0.333479431252 0.941077709168 0.0562513487696 0.608056004931 0.169105507134 0.775674688464 0.0 0.0 0.0 0.0 0.0 0.0
15.4452580108 9.28780695422 107.004200476 -0.692588732008 0.590578019878 0.414172006215 0.608056004931 0.169105507134 0.775674688464 0.0 0.0 0.0 0.0 0.0 0.0
15.7398456125 9.69864009128 107.186187784 -0.788571994008 0.0157078668979 0.614741793913 0.608056004931 0.169105507134 0.775674688464 0.0 0.0 0.0 0.0 0.0 0.0
15.8546782035 10.1130538371 107.508305504 -0.584963571264 -0.565129967338 0.581760896168 0.608056004931 0.169105507134 0.775674688464 0.0 0.0 0.0 0.0 0.0 0.0
15.8361683299 10.3986461891 107.963035638 -0.159117707727 -0.931265478513 0.327759307446 0.608056004931 0.169105507134 0.775674688464 0.0 0.0 0.0 0.0 0.0 0.0
15.7813875699 10.4719565459 108.492478517 0.327179633282 -0.943597664472 -0.0507635220184 0.608056004931 0.169105507134 0.775674688464 0.0 0.0 0.0 0.0 0.0 0.0
15.8011874175 10.3301737855 109.01034985 0.689175961455 -0.597441321587 -0.410000440747 0.608056004931 0.169105507134 0.775674688464 0.0 0.0 0.0 0.0 0.0 0.0
15.9780849473 10.052204257 109.434761569 0.789342819464 -0.0243070319446 -0.613471337195 0.608056004931 0.169105507134 0.775674688464 0.0 0.0 0.0 0.0 0.0 0.0
16.3349131976 9.76869393978 109.719332477 0.58962514325 0.558061905526 -0.583874215948 0.608056004931 0.169105507134 0.775674688464 0.0 0.0 0.0 0.0 0.0 0.0
16.8261465178 9.6123938515 109.87080924 0.165899017109 0.928413794789 -0.332453518206 0.608056004931 0.169105507134 0.775674688464 0.0 0.0 0.0 0.0 0.0 0.0
17.3551965242 9.66772571695 109.946503213 -0.320854919315 0.946045761161 0.0452718294285 0.608056004931 0.169105507134 0.775674688464 0.0 0.0 0.0 0.0 0.0 0.0
17.8111076417 9.93870874343 110.0325169 -0.685710707484 0.604259125827 0.405797652159 0.608056004931 0.169105507134 0.775674688464 0.0 0.0 0.0 0.0 0.0 0.0
18.1107109818 10.3474326567 110.211032175 -0.790053533407 0.0329043459168 0.612154162259 0.608056004931 0.169105507134 0.775674688464 0.0 0.0 0.0 0.0 0.0 0.0
18.2302215941 10.7636571166 110.529088011 -0.594241812999 -0.550951345138 0.585943071445 0.608056004931 0.169105507134 0.775674688464 0.0 0.0 0.0 0.0 0.0 0.0
18.2142747665 11.0542922 110.980709588 -0.172667692639 -0.92549140876 0.337122411343 0.608056004931 0.169105507134 0.775674688464 0.0 0.0 0.0 0.0 0.0 0.0
18.1589683328 11.1339614877 111.50917823 0.314505771005 -0.948421812803 -0.0397766892135 0.608056004931 0.169105507134 0.775674688464 0.0 0.0 0.0 0.0 0.0 0.0
18.1753534996 10.9974379934 112.028579774 0.682193233987 -0.611030913395 -0.401563960507 0.608056004931 0.169105507134 0.775674688464 0.0 0.0 0.0 0.0 0.0 0.0
18.3472446355 10.7216299831 112.456444801 0.790704081715 -0.0414991540956 -0.610790369413 0.608056004931 0.169105507134 0.775674688464 0.0 0.0 0.0 0.0 0.0 0.0
18.6993767918 10.4363622393 112.745080143 0.598813228933 0.543798827673 -0.587967305108 0.608056004931 0.169105507134 0.775674688464 0.0 0.0 0.0 0.0 0.0 0.0
19.1880084424 10.2750534554 112.89968832 0.179423218855 0.922498542977 -0.341765631304 0.608056004931 0.169105507134 0.775674688464 0.0 0.0 0.0 0.0 0.0 0.0
19.7175396214 10.3240282434 112.976391011 -0.308132671862 0.950725638451 0.0342785198496 0.608056004931 0.169105507134 0.775674688464 0.0 0.0 0.0 0.0 0.0 0.0
20.1768319481 10.5897209706 113.060907491 -0.678623808835 0.617756168592 0.397299688206 0.608056004931 0.169105507134 0.775674688464 0.0 0.0 0.0 0.0 0.0 0.0
20.4814319563 10.9962312358 113.235988448 -0.791294414846 0.0500908019532 0.609380062516 0.608056004931 0.169105507134 0.775674688464 0.0 0.0 0.0 0.0 0.0 0.0
20.6056563777 11.414159701 113.549977609 -0.603339042921 -0.536604897822 0.589946762785 0.608056004931 0.169105507134 0.775674688464 0.0 0.0 0.0 0.0 0.0 0.0
20.5923496453 11.7097690628 113.998445153 -0.186165081299 -0.919435425359 0.346382824488 0.608056004931 0.169105507134 0.775674688464 0.0 0.0 0.0 0.0 0.0 0.0
20.5366065767 11.7957930904 114.525870673 0.301736107223 -0.952957062661 -0.0287777400437 0.608056004931 0.169105507134 0.775674688464 0.0 0.0 0.0 0.0 0.0 0.0
20.5496442633 11.6645905257 115.046736306 0.675002703852 -0.624434379266 -0.393005159995 0.608056004931 0.169105507134 0.775674688464 0.0 0.0 0.0 0.0 0.0 0.0
20.7165488375 11.3910481245 115.478016401 0.791824487844 -0.0586786352023 -0.607923348968 0.608056004931 0.169105507134 0.775674688464 0.0 0.0 0.0 0.0 0.0 0.0
21.0639498285 11.1041299266 115.770720349 0.607818910305 0.52937010343 -0.591881293732 0.608056004931 0.169105507134 0.775674688464 0.0 0.0 0.0 0.0 0.0 0.0
21.5499031594 10.9378816604 115.928504937 0.192892766551 0.916302289173 -0.35097363928 0.608056004931 0.169105507134 0.775674688464 0.0 0.0 0.0 0.0 0.0 0.0
22.0798264024 10.9805045299 116.006285074 -0.295316564211 0.955115915502 0.0232747687015 0.608056004931 0.169105507134 0.775674688464 0.0 0.0 0.0 0.0 0.0 0.0
22.5424322253 11.2408461024 116.089370694 -0.6713301948 0.631065036845 0.38868070292 0.608056004931 0.169105507134 0.775674688464 0.0 0.0 0.0 0.0 0.0 0.0
22.8520083092 11.6450389699 116.261056094 -0.792294260342 0.0672619998461 0.606420339704 0.608056004931 0.169105507134 0.775674688464 0.0 0.0 0.0 0.0 0.0 0.0
22.9809808915 12.0645642123 116.570975028 -0.612252489926 -0.522094995455 0.593770750627 0.608056004931 0.169105507134 0.775674688464 0.0 0.0 0.0 0.0 0.0 0.0
22.9703904995 12.3650778842 117.016244024 -0.199605762272 -0.91309937302 0.35553772607 0.608056004931 0.169105507134 0.775674688464 0.0 0.0 0.0 0.0 0.0 0.0
22.9142999676 12.4574505252 117.542557856 0.2888745317 -0.957202032567 -0.0177700248955 0.608056004931 0.169105507134 0.775674688464 0.0 0.0 0.0 0.0 0.0 0.0
22.9240583944 12.3316289327 118.06482101 0.667606561354 -0.637647636377 -0.384326646304 0.608056004931 0.169105507134 0.775674688464 0.0 0.0 0.0 0.0 0.0 0.0
23.0859977578 12.0604555415 118.499476893 0.792703696563 -0.0758402422282 -0.604871149183 0.608056004931 0.169105507134 0.775674688464 0.0 0.0 0.0 0.0 0.0 0.0
23.4286339538 11.7719943647 118.796252378 0.616639444149 0.514780127925 -0.595614989581 0.608056004931 0.169105507134 0.775674688464 0.0 0.0 0.0 0.0 0.0 0.0
23.9118331306 11.6008773342 118.957257408 0.206303557241 0.909826920814 -0.360074737285 0.608056004931 0.169105507134 0.775674688464 0.0 0.0 0.0 0.0 0.0 0.0
24.4420592096 11.637155379 119.03618339 -0.282410500274 0.959215254992 0.0122639278333 0.608056004931 0.169105507134 0.775674688464 0.0 0.0 0.0 0.0 0.0 0.0
24.9079098063 11.8920865713 119.117904935 -0.663832087084 0.644181676574 0.379943321726 0.608056004931 0.169105507134 0.775674688464 0.0 0.0 0.0 0.0 0.0 0.0
25.2224398578 12.2938589971 119.286234572 -0.79305276533 0.0844127090823 0.603275895381 0.608056004931 0.169105507134 0.775674688464 0.0 0.0 0.0 0.0 0.0 0.0
25.3561935065 12.7148733026 119.592080969 -0.620979438892 -0.507426057895 0.597413870146 0.608056004931 0.169105507134 0.775674688464 0.0 0.0 0.0 0.0 0.0 0.0
25.3483948725 13.0202198222 120.034107876 -0.212985641396 -0.906485181767 0.364584327415 0.608056004931 0.169105507134 0.775674688464 0.0 0.0 0.0 0.0 0.0 0.0
25.2920461549 13.1189330161 120.559241791 0.275924962196 -0.961155429461 -0.00675689682554 0.608056004931 0.169105507134 0.775674688464 0.0 0.0 0.0 0.0 0.0 0.0
25.2985945412 12.9985507996 121.082835472 0.66000705943 -0.650666659841 -0.375531062993 0.608056004931 0.169105507134 0.775674688464 0.0 0.0 0.0 0.0 0.0 0.0
25.4555915574 12.7298490975 121.520826836 0.793341440058 -0.0929787475817 -0.601634699785 0.608056004931 0.169105507134 0.775674688464 0.0 0.0 0.0 0.0 0.0 0.0
25.7934307798 12.439952887 121.82167555 0.625272143645 0.500033345406 -0.599167255333 0.608056004931 0.169105507134 0.775674688464 0.0 0.0 0.0 0.0 0.0 0.0
26.273800807 12.2640392933 121.98594407 0.219651505869 0.903074410362 -0.369066153038 0.608056004931 0.169105507134 0.775674688464 0.0 0.0 0.0 0.0 0.0 0.0
26.8042404019 12.2939815399 122.066083949 -0.269418411364 0.963022408223 0.00124935125393 0.608056004931 0.169105507134 0.775674688464 0.0 0.0 0.0 0.0 0.0 0.0
