t = 60000
b = 100 100 100
E = -0.881879436044366 -0.881879436044366 0
-147.511147281408 308.568573742008 41.4482063462335 0.082348878405363 0.238107489301961 0.967741435386629 -0.177353550899394 -0.952038591648919 0.249335593114755 0 0 0 0 0 0
-147.296105947992 308.267311011627 41.7069762641351 -0.933102890137011 0.107020987142664 0.343315459495687 0.0269819107277841 -0.931162788497179 0.36360395736432 0 0 0 0 0 0
-147.237781738976 308.036161634937 42.2237439963744 -0.93303611869506 -0.137983764024374 -0.332271097262721 -0.0666329191429961 -0.841283091981862 0.536472565217819 0 0 0 0 0 0
-147.112933701798 307.459566740877 42.7330738866804 -0.990475012994382 0.00557771793654978 0.137579568603647 0.137429999027815 0.101724612504663 0.985274123570371 0 0 0 0 0 0
-147.198838743491 307.755720823367 43.1149180822732 -0.35576213193887 -0.916757712332052 0.181627647558865 0.333745487884108 0.0569043065424272 0.940944126509852 0 0 0 0 0 0
-147.22300436694 307.788956299257 43.6336671885675 0.215583235358263 -0.955205472196682 -0.202747070305031 0.604247445583219 -0.0326079051721349 0.796129228847867 0 0 0 0 0 0
-147.017006888457 307.607132739432 44.1092125781314 0.358789322530857 -0.675803596427247 -0.643863122949043 0.838768857382182 -0.0692339739483831 0.540068014917075 0 0 0 0 0 0
-146.955300015826 307.276538995986 44.3717015662116 0.784600197527201 0.122237333697363 -0.607832677873449 0.615740661049866 -0.268371535902631 0.740837470061152 0 0 0 0 0 0
-146.568564570622 306.945428557212 44.4470529385954 0.771901910579772 0.592057741802675 -0.231592467096079 0.553089212854672 -0.44578466441316 0.703824094214801 0 0 0 0 0 0
-146.190449312321 306.717165489234 44.4841271919194 -0.0324362624730757 0.782771692045794 0.621463085796445 0.487791741703119 -0.53031062663738 0.693418961379835 0 0 0 0 0 0
-146.019345884956 306.608044540735 45.0754323383498 -0.391709421003186 0.897704251269597 0.201719624108675 0.378577013188055 -0.0425706141659383 0.924590281094615 0 0 0 0 0 0
-145.611445835886 306.762272508115 45.2982526154792 -0.76733718484593 0.511019912995156 0.387365839065303 0.545735059686435 0.203237708716352 0.812937684194906 0 0 0 0 0 0
-145.319490121691 307.211987220236 45.4393969592209 -0.624642916053974 -0.217983110455033 0.749869716003945 0.673129909658703 0.336492948962529 0.658535207882453 0 0 0 0 0 0
-145.093804573199 307.58172294635 45.6748059759701 -0.290857325016629 -0.762560899173894 0.577843310539687 0.599146303485628 0.325701311714248 0.731397540716749 0 0 0 0 0 0
-144.934470323428 307.509738117707 46.4343717732706 0.681367442457084 -0.52760323420223 0.507319658222832 0.73069720916552 0.449914689344295 -0.513476738352761 0 0 0 0 0 0
-144.52865232809 307.913661986763 46.5130337893445 0.384918019198562 -0.867007984241121 -0.316441580325517 0.790730205418162 0.486614548155828 -0.371418932960923 0 0 0 0 0 0
-144.014923272564 307.99167543648 46.5233336649795 -0.0945088247364523 -0.56475851913694 -0.819826748227653 0.854821553759996 0.376044061372912 -0.357590513203239 0 0 0 0 0 0
-143.549562380542 307.99210273375 46.3440640417673 -0.549454765174368 -0.12743709782045 -0.825747689748969 0.723166156488688 0.422470934119689 -0.546396394509342 0 0 0 0 0 0
-143.253682187029 308.045883684981 45.889820601112 -0.667529972632352 0.715174653002439 -0.207193029177118 0.6980248676801 0.50421889972845 -0.508453129851933 0 0 0 0 0 0
-143.140416618616 308.115097084687 45.4048858026263 -0.183465199006904 0.842653232628225 0.50623714827489 0.690577156249751 0.476981266737556 -0.543683789023377 0 0 0 0 0 0
-143.147754188231 308.500196444836 45.117406768071 0.632272149500085 0.281443193718837 0.72181829962677 0.443372216407785 0.632589326263561 -0.635021119345185 0 0 0 0 0 0
-143.007193706808 308.938344606392 44.9570072037147 0.742223875411333 -0.473909687206395 0.473828373085207 0.664775889047257 0.610045371267579 -0.431181704546793 0 0 0 0 0 0
-142.624959195504 309.267439384956 45.0486032276344 0.483487034273534 -0.866233935150837 -0.126012131486245 0.712709014641786 0.473132811723843 -0.517871801624744 0 0 0 0 0 0
-142.188621477478 309.205990733465 44.8878967739461 0.0787624326429647 -0.703703192681568 -0.706114931022803 0.619684899702274 0.589399766389127 -0.518264932694547 0 0 0 0 0 0
-142.041459476147 310.273701703128 44.8166383163998 -0.363372696082722 0.271893577032825 -0.891085947880168 -0.235484913354362 -0.952213099068903 -0.194517530170152 0 0 0 0 0 0
-142.261688634872 311.051010390455 45.5124299647768 -0.422673384258934 0.52359606808954 0.739725873361433 -0.876003585387666 -0.445255532880982 -0.1853786094084 0 0 0 0 0 0
-141.747285626503 311.030976104163 46.0557344169871 0.0512703979070776 0.909385335032419 0.412782822711871 -0.663275778148763 -0.27799639717661 0.694826053971356 0 0 0 0 0 0
-141.800462000747 310.925703256244 46.5184704369714 -0.566061839258249 0.81548395806209 -0.120664444971606 -0.543114260565431 -0.258806009500624 0.798778035136388 0 0 0 0 0 0
-141.81578856736 311.085341999091 47.0099184106308 -0.886736984118906 0.00157982454237469 -0.462271592409973 -0.460494978905525 -0.0906725062047258 0.883019179305188 0 0 0 0 0 0
-142.142068769314 311.25915291537 47.4117364484525 -0.605332627717942 -0.563585139247612 -0.5620891394064 -0.593351229469832 -0.151211112564799 0.790613380814526 0 0 0 0 0 0
-142.566286516464 311.323089220098 47.5679338314905 -0.186655127787767 -0.915547080115715 -0.356277149648 -0.58081923591998 -0.189644155935881 0.791633822738888 0 0 0 0 0 0
-143.023695096955 311.190182540217 47.597020194639 0.338773174078568 -0.884903402867704 0.319654038169581 -0.839709137473435 -0.131113409944359 0.526970433872449 0 0 0 0 0 0
-143.352853497087 310.844148828594 47.5911437340246 0.42572906768675 -0.221502438583042 0.877320597403698 -0.901844422738116 -0.182839539868801 0.391466907715175 0 0 0 0 0 0
-143.637528141305 310.513491044224 47.788158021752 0.177909215914792 0.496684174467655 0.849501702014261 -0.943108123559681 -0.160348611225559 0.291265154375011 0 0 0 0 0 0
-143.753540208524 309.250171913586 47.1810783517438 0.15379980459248 -0.962690660509058 0.22264840506267 0.763538401882283 0.258813438446686 0.591628864179043 0 0 0 0 0 0
-143.579507322484 309.259656960764 47.7103803741689 0.60706093632382 -0.649118964304734 -0.458390215612071 0.72876325872165 0.224776109796295 0.646822860759875 0 0 0 0 0 0
-143.078034512588 309.237817979643 48.0883399102737 0.394002135631911 -0.603270656244438 -0.693416781186379 0.887004522499288 0.0519155938117939 0.45883302865465 0 0 0 0 0 0
-143.028892976197 309.157212430229 49.1509260320801 -0.0209413556984535 -0.979344964252273 0.201109175860393 -0.360104067501219 0.195040756843205 0.91229609433483 0 0 0 0 0 0
-143.568936566356 309.678135262405 49.9656809586766 -0.771534134580434 0.451025799550617 0.448676729191042 0.630834430042564 0.633677360632131 0.447773295870342 0 0 0 0 0 0
-143.44303484621 310.160804291349 50.0443895555345 -0.423640534447708 -0.230602300413364 0.875985888365893 0.660807532831813 0.582764744982946 0.472989066001687 0 0 0 0 0 0
-143.462884789757 310.530288787955 50.3257845508377 0.38222578749534 -0.741450027414435 0.551502769005911 0.615654892945576 0.649398298802826 0.446375293115129 0 0 0 0 0 0
-143.379195524949 310.793122954395 50.7443088171196 0.754765456904379 -0.627343710817711 -0.191752375635392 0.633719252972908 0.621763816311166 0.460227840462909 0 0 0 0 0 0
-143.063788709154 310.838287515873 51.1888188921705 0.540049971246768 -0.0109584705867889 -0.84156160824823 0.771369106570847 0.40641140654498 0.489713661293713 0 0 0 0 0 0
-142.580158999134 310.756825289881 51.3100717666687 0.071689890966939 0.673123441294249 -0.73604714000782 0.885927012063553 0.296064447801613 0.357042255263398 0 0 0 0 0 0
-142.092992427098 310.748874872255 51.1472552035326 -0.124850713013012 0.991115142959956 0.0458592723000423 0.938528859435834 0.102981160385025 0.329482109698221 0 0 0 0 0 0
-141.61773648094 310.872623580705 50.9896070985978 -0.399598920393154 0.431183874684 0.808950659207701 0.915919138794933 0.15161692990615 0.371624054326994 0 0 0 0 0 0
-141.253854258067 311.149662779163 50.9701395186562 -0.267043904043378 -0.448329642488538 0.853046355704378 0.944226646433168 0.0552546041353192 0.324627430890886 0 0 0 0 0 0
-140.89985271373 311.398116208578 51.2658505221592 -0.176862461298305 -0.948657104566593 0.262239142272648 0.952709791334605 -0.0981143299100294 0.287606731077088 0 0 0 0 0 0
-140.577059736776 311.269312046308 51.6190715209203 -0.0343536165443613 -0.867193762561375 -0.496784467555407 0.976517601655155 -0.134907497507837 0.167968273114668 0 0 0 0 0 0
-141.236056134425 310.71736078292 52.0385741209351 -0.196891813703775 -0.980293345472306 -0.0160801280629534 0.931295127594805 -0.19212701235987 0.309477941765315 0 0 0 0 0 0
-140.873444653492 310.471719152442 52.3214280692581 -0.244415508170602 -0.58482403441427 -0.773460993287082 0.840298120079247 -0.525801606571996 0.132029314612178 0 0 0 0 0 0
-140.67707065824 310.016898110598 52.4651996139365 0.0429858451412431 0.0684854924243459 -0.996725616428333 0.786483067208444 -0.617553157566713 -0.0085136697814077 0 0 0 0 0 0
-140.363374657217 309.644735141446 52.36412410773 0.243719125992417 0.647045005437866 -0.722449824252869 0.82104916842893 -0.534145253730405 -0.201412787426151 0 0 0 0 0 0
-139.781272837899 310.015251791755 52.8720784141062 0.341873574818617 0.164704954096374 0.925199836217358 0.642871621913067 0.67711685431665 -0.358090551869849 0 0 0 0 0 0
-139.684925226828 310.470589461845 52.9094435664964 0.819301794411667 -0.485532241066373 0.304963952883248 0.573200727261526 0.680967188957242 -0.455768157981559 0 0 0 0 0 0
-139.344180135712 310.87780566943 52.9201248279256 0.452014335983753 -0.66462107562899 -0.594946943764512 0.487301797977902 0.742637091799434 -0.459376868780482 0 0 0 0 0 0
-138.887474730363 311.134777168293 52.7240318966599 -0.348893669180263 -0.467487610464072 -0.812236752227874 0.427659530704522 0.69177477390054 -0.581854782563347 0 0 0 0 0 0
-138.868957294312 310.185028583508 53.4129621619595 -0.147993524264581 -0.97380090059095 0.172654924009722 0.512897865795156 -0.22483774589159 -0.828482810494294 0 0 0 0 0 0
-138.432100453682 309.98609462481 53.349402992755 -0.729559773748887 -0.372831450847865 -0.573357868861893 0.678726597149469 -0.291605693247699 -0.674015078456611 0 0 0 0 0 0
-137.541827502392 310.020523011869 53.9247617989763 0.396614767202742 0.889475382729445 0.227002797238631 -0.830770014032989 0.242585068245015 0.500972722259021 0 0 0 0 0 0
-137.686376029659 309.978989297176 54.4124343616483 -0.255508881455062 0.839525287151669 -0.479491922488367 -0.905850414305073 -0.0345653409509644 0.422185106449322 0 0 0 0 0 0
-137.9471833911 310.158768020229 54.7406343547627 -0.352815954813745 -0.0766154357685762 -0.932550790590485 -0.935692191210834 0.0278103515033653 0.351719643545471 0 0 0 0 0 0
-138.619570824004 309.570091706229 55.0853629799134 -0.205288106266724 -0.930229027502225 0.30418867470339 0.369368515034589 0.214183518665032 0.904263413189301 0 0 0 0 0 0
-138.755831416885 309.590756800562 55.6283955759061 0.611712213682977 -0.789779719563343 -0.0453449247114433 0.376166873108769 0.239972011313302 0.89493682311169 0 0 0 0 0 0
-138.693995531215 309.421629600141 56.1033146977388 0.92389097862588 -0.0410214980002253 -0.380450648989172 0.382166340753799 0.14918755095999 0.91197147029545 0 0 0 0 0 0
-138.490109188052 309.247027891626 56.4799940963769 0.62560057319595 0.681718403937422 -0.379320366642552 0.385416358982575 0.152665301587534 0.910026118262042 0 0 0 0 0 0
-138.05932385548 309.319325489866 56.7816603076856 0.0256672852611479 0.974387573602156 -0.223405565902167 0.410447475513377 0.193501534022301 0.891117290919139 0 0 0 0 0 0
-137.682358114066 309.572516440832 57.0262527910747 -0.703829176090722 0.701616338280694 0.111171060715965 0.333947299775637 0.188669385810192 0.923516683027417 0 0 0 0 0 0
-137.498493202755 309.917594537604 57.3669248987125 -0.967624423986883 -0.0440802210900382 0.248515408400349 0.240332491716077 0.139832893475676 0.960566007792927 0 0 0 0 0 0
-137.537526641978 310.178065966019 57.7617253181653 -0.638898716938494 -0.767008545896583 0.0592141876234722 0.0551641138491232 0.031096212534244 0.997992958947434 0 0 0 0 0 0
-137.630825855623 310.164213192901 58.2654629911478 0.257137120536833 -0.886292940720666 -0.385182196460956 0.386975479738266 -0.270796939436993 0.881430085527078 0 0 0 0 0 0
-137.739376129056 309.760603430902 58.624175445917 0.929048552052127 -0.191840915038131 -0.316331868843384 0.270453711528762 -0.231246966897836 0.934547821259199 0 0 0 0 0 0
-137.557817258478 309.346243218867 58.9090157585613 0.755036093764777 0.644036013642353 -0.123037027938546 0.293117830329896 -0.163684219711494 0.941960409868485 0 0 0 0 0 0
-137.220717304117 309.099142966532 59.1569255163833 -0.0269551168485597 0.942860778629947 0.332094826514138 0.382186994207035 -0.297255991729627 0.874969700526404 0 0 0 0 0 0
-136.917931910381 309.051362894369 59.5544198713546 -0.555206197604574 0.762661660490943 0.331803058693315 0.1851591182752 -0.275587503646698 0.943274948651131 0 0 0 0 0 0
-136.726936290587 309.313473966344 59.8464606823425 -0.863226304791688 -0.160411757001635 0.478652708057546 0.503386477410292 -0.202189433117044 0.840072310873035 0 0 0 0 0 0
-136.616267113333 309.489185074038 60.2921963156852 -0.438889214384598 -0.892970311709069 0.0999013508524058 0.531870401402079 -0.168567950740379 0.829878739392091 0 0 0 0 0 0
-136.592878959322 309.39026171889 60.8004983989495 0.232400788647658 -0.868522796097354 -0.437787649545868 0.59784114945294 -0.227479708722959 0.768660485610834 0 0 0 0 0 0
-136.559073339892 309.050494829512 61.0831511088325 0.942797331476937 0.0410419242378783 -0.330830397961844 0.332451371031926 -0.0422724885795466 0.942172554582038 0 0 0 0 0 0
-136.363141184352 308.724621471599 61.2826665183759 0.483040355166284 0.837583346855976 0.255198260869919 0.0713920644677011 -0.328160393984953 0.941920341085229 0 0 0 0 0 0
-136.170149341387 308.583457470806 61.8191418351923 0.343618166406577 0.938139542610744 0.0426702977058449 0.40296931687483 -0.188334671148276 0.895625915938296 0 0 0 0 0 0
-135.73493924884 308.579945877302 62.1191356737694 -0.268446446514087 0.954719620515232 0.128245668769089 0.6380193072337 0.0764731803078447 0.766213557887105 0 0 0 0 0 0
-134.883631773809 308.040562662867 61.2644828981655 0.965127740362259 -0.0452521764172656 -0.2578384868723 -0.219655118953535 -0.675800267946308 -0.703594788610981 0 0 0 0 0 0
-134.906789396005 307.99375094994 60.7438388048371 0.752815185600308 -0.563235612137507 0.340639019418475 -0.0992642229136402 -0.608731069976912 -0.787142362278594 0 0 0 0 0 0
-134.69651764252 307.818838236828 60.3435589879869 0.189701433711515 -0.741903544085999 0.643111574550232 -0.14763859972519 -0.669112175447113 -0.728348639415905 0 0 0 0 0 0
-134.612686260375 307.433037911582 59.9374600366018 -0.407497295256321 -0.527656019197234 0.745335548436455 -0.199410868548915 -0.745063320427943 -0.636487198659052 0 0 0 0 0 0
-134.720543758658 307.072235832066 59.2894532519677 0.270097907050053 0.0139295260942774 -0.962732096125284 0.558815027933131 -0.816523948934887 0.144963462193989 0 0 0 0 0 0
-134.553342196028 306.603735893584 59.1543963922034 0.614166537040699 0.440564607953647 -0.654753610909099 0.416779458988387 -0.885601393631299 -0.204951345843596 0 0 0 0 0 0
-134.420510471612 306.279564395992 58.8591629508086 0.93065155237462 0.185341169989364 0.315493801474168 0.293279868320959 -0.893421633158297 -0.340271515472354 0 0 0 0 0 0
-134.156617968947 306.021582726429 58.5960862233236 0.295011812901973 -0.131813195647758 0.946357919447849 0.26882170177447 -0.938982132571593 -0.214586689628742 0 0 0 0 0 0
-133.849351567611 305.752685389034 58.4487674786927 -0.557724220477529 -0.27301017343374 0.78384254738727 -0.0666240004067513 -0.926586908096575 -0.370132333514996 0 0 0 0 0 0
-133.702294263417 305.287788113862 58.6184660549126 -0.978591629541748 -0.096741798895129 0.181657498984479 0.069273155368782 -0.985965202425595 -0.151900788511781 0 0 0 0 0 0
-133.729453867508 304.885989717586 58.8501591673928 -0.69029382357633 0.0338468335135014 -0.722737040003975 0.175628159569042 -0.961191265632976 -0.212758314612313 0 0 0 0 0 0
-134.057449034908 304.480804050686 59.6312631581087 -0.807671801663425 0.390612994574594 0.441687388622187 0.332055855247857 0.920331377011604 -0.206710100098966 0 0 0 0 0 0
-134.224532568941 304.934869116845 59.4518892880988 0.00464064694827085 0.22882208756603 0.973457198153993 0.441954403112404 0.872765433885183 -0.207260230107452 0 0 0 0 0 0
-134.320808824795 305.372587660449 59.4437859028977 0.846149077841673 -0.0662889539053401 0.528807632940882 0.284388430253982 0.895320357784818 -0.342818724216118 0 0 0 0 0 0
-135.397913161089 305.184659044371 59.9121693284023 -0.379510774631915 -0.526623606549454 0.760683343424608 -0.268401552927005 -0.724166637752284 -0.63525057036761 0 0 0 0 0 0
-135.804277836752 305.537136591012 58.9795598725683 -0.857476950770425 0.513307854555929 -0.0353316479687937 0.405367097522265 0.716260387909143 0.568021630713084 0 0 0 0 0 0
-135.269034610545 304.813599069629 58.3142015702373 -0.178212156021716 -0.971284747152817 0.157627305356371 -0.983978506520658 0.175066663657507 -0.0337336920693453 0 0 0 0 0 0
-135.694819613513 304.647406660889 58.0460478991853 -0.219823697818805 -0.607284425111291 0.763467857145653 -0.968635866809541 0.228816135881125 -0.0968903168022382 0 0 0 0 0 0
